 WL        Abs       T%
 190.0  3.452875   0.035247
 191.0  3.026242   0.094137
 192.0  3.162863   0.068729
 193.0  2.770452   0.169648
 194.0  3.270546   0.053636
 195.0  3.088349   0.081593
 196.0  3.488739   0.032453
 197.0  3.170702   0.067499
 198.0  3.004602   0.098946
 199.0  3.457579   0.034868
 200.0  2.995526   0.101036
 201.0  2.877829   0.132486
 202.0  3.064512   0.086196
 203.0  3.200502   0.063023
 204.0  3.362506   0.043400
 205.0  3.114900   0.076754
 206.0  3.540288   0.028821
 207.0  3.341909   0.045508
 208.0  3.184748   0.065351
 209.0  3.427017   0.037410
 210.0  3.200680   0.062997
 211.0  3.249084   0.056353
 212.0  3.363784   0.043273
 213.0  3.117769   0.076249
 214.0  3.299682   0.050155
 215.0  3.188436   0.064798
 216.0  3.103229   0.078844
 217.0  3.150276   0.070750
 218.0  3.017151   0.096128
 219.0  2.918453   0.120656
 220.0  2.947886   0.112749
 221.0  2.838392   0.145080
 222.0  2.819520   0.151524
 223.0  2.764273   0.172079
 224.0  2.679739   0.209055
 225.0  2.665498   0.216024
 226.0  2.601079   0.250565
 227.0  2.544706   0.285295
 228.0  2.521056   0.301262
 229.0  2.466079   0.341917
 230.0  2.445250   0.358715
 231.0  2.412378   0.386921
 232.0  2.369478   0.427093
 233.0  2.336652   0.460626
 234.0  2.302749   0.498024
 235.0  2.252011   0.559743
 236.0  2.240290   0.575056
 237.0  2.197932   0.633969
 238.0  2.169160   0.677392
 239.0  2.156377   0.697626
 240.0  2.124748   0.750329
 241.0  2.110249   0.775802
 242.0  2.092354   0.808437
 243.0  2.064538   0.861911
 244.0  2.053892   0.883300
 245.0  2.036030   0.920386
 246.0  2.011443   0.973996
 247.0  2.003500   0.991973
 248.0  1.984375   1.036632
 249.0  1.972261   1.065956
 250.0  1.961670   1.092270
 251.0  1.939415   1.149702
 252.0  1.933312   1.165971
 253.0  1.920228   1.201634
 254.0  1.902424   1.251918
 255.0  1.900905   1.256304
 256.0  1.885121   1.302803
 257.0  1.871698   1.343699
 258.0  1.867799   1.355817
 259.0  1.849147   1.415315
 260.0  1.844397   1.430878
 261.0  1.836332   1.457698
 262.0  1.819657   1.514756
 263.0  1.817816   1.521190
 264.0  1.805226   1.565935
 265.0  1.794297   1.605844
 266.0  1.791266   1.617090
 267.0  1.780563   1.657438
 268.0  1.772878   1.687027
 269.0  1.768606   1.703703
 270.0  1.757039   1.749689
 271.0  1.756608   1.751428
 272.0  1.746989   1.790650
 273.0  1.734815   1.841555
 274.0  1.730253   1.861002
 275.0  1.718930   1.910162
 276.0  1.712274   1.939664
 277.0  1.714503   1.929732
 278.0  1.702431   1.984127
 279.0  1.699166   1.999097
 280.0  1.695868   2.014335
 281.0  1.682283   2.078340
 282.0  1.686741   2.057119
 283.0  1.675317   2.111946
 284.0  1.668375   2.145976
 285.0  1.669085   2.142470
 286.0  1.657721   2.199272
 287.0  1.655218   2.211982
 288.0  1.654508   2.215601
 289.0  1.642687   2.276737
 290.0  1.645244   2.263374
 291.0  1.638736   2.297547
 292.0  1.630904   2.339353
 293.0  1.631502   2.336134
 294.0  1.624054   2.376545
 295.0  1.618066   2.409537
 296.0  1.616821   2.416458
 297.0  1.609171   2.459398
 298.0  1.607761   2.467399
 299.0  1.602601   2.496889
 300.0  1.593999   2.546835
 301.0  1.595428   2.538468
 302.0  1.589620   2.572643
 303.0  1.582555   2.614840
 304.0  1.585199   2.598966
 305.0  1.578886   2.637026
 306.0  1.576345   2.652496
 307.0  1.574749   2.662260
 308.0  1.565293   2.720868
 309.0  1.566577   2.712833
 310.0  1.561922   2.742065
 311.0  1.554617   2.788577
 312.0  1.557845   2.767930
 313.0  1.557733   2.768641
 314.0  1.548312   2.829359
 315.0  1.543450   2.861212
 316.0  1.538462   2.894263
 317.0  1.541394   2.874792
 318.0  1.533259   2.929147
 319.0  1.533492   2.927572
 320.0  1.530622   2.946987
 321.0  1.523946   2.992635
 322.0  1.526385   2.975877
 323.0  1.522220   3.004557
 324.0  1.516771   3.042487
 325.0  1.518162   3.032760
 326.0  1.511372   3.080548
 327.0  1.509781   3.091857
 328.0  1.511236   3.081513
 329.0  1.501552   3.150995
 330.0  1.506490   3.115372
 331.0  1.500815   3.156348
 332.0  1.496549   3.187509
 333.0  1.499975   3.162461
 334.0  1.492781   3.215282
 335.0  1.491822   3.222389
 336.0  1.492993   3.213715
 337.0  1.483818   3.282330
 338.0  1.488476   3.247312
 339.0  1.485485   3.269755
 340.0  1.447109   3.571828
 341.0  1.439608   3.634063
 342.0  1.444960   3.589549
 343.0  1.439528   3.634733
 344.0  1.436976   3.656146
 345.0  1.440569   3.626030
 346.0  1.434373   3.678126
 347.0  1.438298   3.645038
 348.0  1.440837   3.623793
 349.0  1.432815   3.691350
 350.0  1.436426   3.660784
 351.0  1.434625   3.675998
 352.0  1.430479   3.711253
 353.0  1.437155   3.654645
 354.0  1.431040   3.706470
 355.0  1.430829   3.708267
 356.0  1.434398   3.677917
 357.0  1.427312   3.738422
 358.0  1.429999   3.715365
 359.0  1.427636   3.735632
 360.0  1.421546   3.788380
 361.0  1.427232   3.739111
 362.0  1.422521   3.779890
 363.0  1.421350   3.790098
 364.0  1.425704   3.752288
 365.0  1.418061   3.818903
 366.0  1.420211   3.800048
 367.0  1.421808   3.786099
 368.0  1.413765   3.856867
 369.0  1.418598   3.814187
 370.0  1.400829   3.973478
 371.0  1.410242   3.888283
 372.0  1.413172   3.862138
 373.0  1.410115   3.889425
 374.0  1.408285   3.905846
 375.0  1.412137   3.871355
 376.0  1.407075   3.916739
 377.0  1.408171   3.906868
 378.0  1.408615   3.902877
 379.0  1.404208   3.942684
 380.0  1.405275   3.933009
 381.0  1.403504   3.949080
 382.0  1.400754   3.974162
 383.0  1.403378   3.950231
 384.0  1.399712   3.983710
 385.0  1.398659   3.993386
 386.0  1.400087   3.980273
 387.0  1.395741   4.020305
 388.0  1.397335   4.005579
 389.0  1.396301   4.015129
 390.0  1.395862   4.019181
 391.0  1.394864   4.028435
 392.0  1.390962   4.064794
 393.0  1.393517   4.040942
 394.0  1.389191   4.081396
 395.0  1.388063   4.092013
 396.0  1.388637   4.086604
 397.0  1.385833   4.113083
 398.0  1.385632   4.114985
 399.0  1.386542   4.106369
 400.0  1.383544   4.134818
 401.0  1.384832   4.122568
 402.0  1.383665   4.133664
 403.0  1.380254   4.166261
 404.0  1.380607   4.162874
 405.0  1.378595   4.182204
 406.0  1.375048   4.216502
 407.0  1.373758   4.229038
 408.0  1.369594   4.269785
 409.0  1.368808   4.277524
 410.0  1.364313   4.322026
 411.0  1.358411   4.381161
 412.0  1.354391   4.421901
 413.0  1.346011   4.508056
 414.0  1.336462   4.608274
 415.0  1.329132   4.686712
 416.0  1.316133   4.829107
 417.0  1.305323   4.950822
 418.0  1.293363   5.089058
 419.0  1.278612   5.264874
 420.0  1.266230   5.417140
 421.0  1.251048   5.609856
 422.0  1.235707   5.811566
 423.0  1.221547   6.004173
 424.0  1.204747   6.240987
 425.0  1.187889   6.487999
 426.0  1.171655   6.735108
 427.0  1.153278   7.026228
 428.0  1.136728   7.299152
 429.0  1.120061   7.584718
 430.0  1.101262   7.920237
 431.0  1.084181   8.237939
 432.0  1.066247   8.585247
 433.0  1.048396   8.945493
 434.0  1.033198   9.264084
 435.0  1.015748   9.643879
 436.0  0.999875  10.002883
 437.0  0.983987  10.375595
 438.0  0.967680  10.772575
 439.0  0.953069  11.141164
 440.0  0.938700  11.515954
 441.0  0.924366  11.902391
 442.0  0.911905  12.248833
 443.0  0.898410  12.635427
 444.0  0.885994  13.001863
 445.0  0.874770  13.342266
 446.0  0.862777  13.715874
 447.0  0.852837  14.033401
 448.0  0.843011  14.354534
 449.0  0.831852  14.728132
 450.0  0.822692  15.042095
 451.0  0.816893  15.244296
 452.0  0.806700  15.606306
 453.0  0.797153  15.953188
 454.0  0.787936  16.295353
 455.0  0.779875  16.600636
 456.0  0.771645  16.918249
 457.0  0.763835  17.225241
 458.0  0.757233  17.489086
 459.0  0.750314  17.769922
 460.0  0.743403  18.054996
 461.0  0.737427  18.305128
 462.0  0.730540  18.597752
 463.0  0.724856  18.842758
 464.0  0.719151  19.091877
 465.0  0.713549  19.339762
 466.0  0.709030  19.542027
 467.0  0.704067  19.766668
 468.0  0.699510  19.975143
 469.0  0.695697  20.151283
 470.0  0.691402  20.351564
 471.0  0.687691  20.526222
 472.0  0.684010  20.700947
 473.0  0.679527  20.915714
 474.0  0.675683  21.101677
 475.0  0.671847  21.288883
 476.0  0.668194  21.468733
 477.0  0.665582  21.598202
 478.0  0.662266  21.763763
 479.0  0.659611  21.897209
 480.0  0.657146  22.021837
 481.0  0.654125  22.175581
 482.0  0.651917  22.288593
 483.0  0.649691  22.403128
 484.0  0.647062  22.539196
 485.0  0.645114  22.640495
 486.0  0.642572  22.773392
 487.0  0.641034  22.854204
 488.0  0.639063  22.958168
 489.0  0.636894  23.073116
 490.0  0.635324  23.156664
 491.0  0.633067  23.277327
 492.0  0.631634  23.354267
 493.0  0.629875  23.449013
 494.0  0.628228  23.538160
 495.0  0.626719  23.620047
 496.0  0.625233  23.701015
 497.0  0.623658  23.787111
 498.0  0.621985  23.878965
 499.0  0.620709  23.949215
 500.0  0.619489  24.016573
 501.0  0.618298  24.082527
 502.0  0.616769  24.167456
 503.0  0.616009  24.209763
 504.0  0.614598  24.288551
 505.0  0.613405  24.355392
 506.0  0.612671  24.396608
 507.0  0.611758  24.447926
 508.0  0.610831  24.500183
 509.0  0.609915  24.551880
 510.0  0.608453  24.634695
 511.0  0.607684  24.678316
 512.0  0.606952  24.719976
 513.0  0.605806  24.785311
 514.0  0.604883  24.838037
 515.0  0.604241  24.874737
 516.0  0.603326  24.927204
 517.0  0.602515  24.973837
 518.0  0.601888  25.009886
 519.0  0.601124  25.053963
 520.0  0.600688  25.079103
 521.0  0.599802  25.130331
 522.0  0.599159  25.167553
 523.0  0.598384  25.212482
 524.0  0.597685  25.253139
 525.0  0.597053  25.289883
 526.0  0.596773  25.306181
 527.0  0.596142  25.342968
 528.0  0.595737  25.366659
 529.0  0.595182  25.399055
 530.0  0.594462  25.441200
 531.0  0.594097  25.462593
 532.0  0.593778  25.481318
 533.0  0.593509  25.497093
 534.0  0.592970  25.528755
 535.0  0.592137  25.577768
 536.0  0.591565  25.611492
 537.0  0.591120  25.637741
 538.0  0.590675  25.664019
 539.0  0.590230  25.690363
 540.0  0.589830  25.714041
 541.0  0.589625  25.726175
 542.0  0.589303  25.745220
 543.0  0.588915  25.768263
 544.0  0.588867  25.771105
 545.0  0.588265  25.806833
 546.0  0.587848  25.831615
 547.0  0.587679  25.841673
 548.0  0.587055  25.878839
 549.0  0.586608  25.905506
 550.0  0.586598  25.906075
 551.0  0.586168  25.931757
 552.0  0.585943  25.945221
 553.0  0.585451  25.974594
 554.0  0.584976  26.003035
 555.0  0.584824  26.012144
 556.0  0.584196  26.049770
 557.0  0.583740  26.077171
 558.0  0.583743  26.076956
 559.0  0.583290  26.104198
 560.0  0.582930  26.125841
 561.0  0.582860  26.130030
 562.0  0.582369  26.159603
 563.0  0.582415  26.156816
 564.0  0.582208  26.169285
 565.0  0.582069  26.177668
 566.0  0.581783  26.194927
 567.0  0.581533  26.210016
 568.0  0.581504  26.211771
 569.0  0.581612  26.205254
 570.0  0.581640  26.203556
 571.0  0.581527  26.210382
 572.0  0.581247  26.227274
 573.0  0.580827  26.252619
 574.0  0.580768  26.256187
 575.0  0.580532  26.270504
 576.0  0.580642  26.263821
 577.0  0.580658  26.262854
 578.0  0.580269  26.286373
 579.0  0.580259  26.287008
 580.0  0.580146  26.293848
 581.0  0.579641  26.324461
 582.0  0.579714  26.320004
 583.0  0.579444  26.336349
 584.0  0.579139  26.354856
 585.0  0.579428  26.337378
 586.0  0.581300  26.224064
 587.0  0.581071  26.237873
 588.0  0.580807  26.253881
 589.0  0.580803  26.254097
 590.0  0.580569  26.268261
 591.0  0.580245  26.287874
 592.0  0.580281  26.285658
 593.0  0.580153  26.293438
 594.0  0.579940  26.306295
 595.0  0.579263  26.347363
 596.0  0.579258  26.347689
 597.0  0.578708  26.381056
 598.0  0.578665  26.383627
 599.0  0.578519  26.392523
 600.0  0.578422  26.398405
 601.0  0.577846  26.433456
 602.0  0.576870  26.492962
 603.0  0.576763  26.499477
 604.0  0.576425  26.520086
 605.0  0.576526  26.513914
 606.0  0.576185  26.534758
 607.0  0.576108  26.539434
 608.0  0.575852  26.555086
 609.0  0.575658  26.566963
 610.0  0.575648  26.567575
 611.0  0.575352  26.585682
 612.0  0.575325  26.587317
 613.0  0.575257  26.591536
 614.0  0.575013  26.606443
 615.0  0.574877  26.614815
 616.0  0.574759  26.622005
 617.0  0.574443  26.641384
 618.0  0.574394  26.644390
 619.0  0.574233  26.654264
 620.0  0.574013  26.667782
 621.0  0.573885  26.675636
 622.0  0.573799  26.680939
 623.0  0.573650  26.690065
 624.0  0.573571  26.694931
 625.0  0.573327  26.709919
 626.0  0.573247  26.714884
 627.0  0.573159  26.720282
 628.0  0.572951  26.733076
 629.0  0.573006  26.729708
 630.0  0.572726  26.746933
 631.0  0.572430  26.765154
 632.0  0.572380  26.768261
 633.0  0.572204  26.779079
 634.0  0.572189  26.780014
 635.0  0.572025  26.790152
 636.0  0.571677  26.811634
 637.0  0.571673  26.811853
 638.0  0.571335  26.832748
 639.0  0.571123  26.845861
 640.0  0.571143  26.844587
 641.0  0.570902  26.859512
 642.0  0.570840  26.863317
 643.0  0.570698  26.872152
 644.0  0.570393  26.890989
 645.0  0.570203  26.902773
 646.0  0.570072  26.910906
 647.0  0.570033  26.913284
 648.0  0.569740  26.931440
 649.0  0.569532  26.944344
 650.0  0.569251  26.961803
 651.0  0.569187  26.965794
 652.0  0.569122  26.969797
 653.0  0.568945  26.980785
 654.0  0.568826  26.988222
 655.0  0.568443  27.012012
 656.0  0.568218  27.025986
 657.0  0.568105  27.033077
 658.0  0.567770  27.053923
 659.0  0.567645  27.061720
 660.0  0.567477  27.072197
 661.0  0.567288  27.083933
 662.0  0.566988  27.102652
 663.0  0.566855  27.110954
 664.0  0.566658  27.123295
 665.0  0.566645  27.124100
 666.0  0.566320  27.144358
 667.0  0.566099  27.158176
 668.0  0.565911  27.169956
 669.0  0.565700  27.183146
 670.0  0.565504  27.195436
 671.0  0.565231  27.212530
 672.0  0.565019  27.225813
 673.0  0.564854  27.236189
 674.0  0.564519  27.257212
 675.0  0.564325  27.269358
 676.0  0.564280  27.272165
 677.0  0.563957  27.292482
 678.0  0.563632  27.312881
 679.0  0.563338  27.331413
 680.0  0.563203  27.339914
 681.0  0.562965  27.354866
 682.0  0.562786  27.366156
 683.0  0.562454  27.387075
 684.0  0.562313  27.395962
 685.0  0.562068  27.411465
 686.0  0.562018  27.414618
 687.0  0.561808  27.427889
 688.0  0.561565  27.443213
 689.0  0.561534  27.445179
 690.0  0.561079  27.473927
 691.0  0.560867  27.487331
 692.0  0.560801  27.491533
 693.0  0.560487  27.511440
 694.0  0.560018  27.541149
 695.0  0.560024  27.540764
 696.0  0.559740  27.558792
 697.0  0.559533  27.571934
 698.0  0.559240  27.590506
 699.0  0.559190  27.593710
 700.0  0.558879  27.613478
 701.0  0.558673  27.626593
 702.0  0.558457  27.640306
 703.0  0.558351  27.647091
 704.0  0.558007  27.669001
 705.0  0.557892  27.676323
 706.0  0.557787  27.683010
 707.0  0.557534  27.699093
 708.0  0.557353  27.710636
 709.0  0.557271  27.715900
 710.0  0.557100  27.726843
 711.0  0.556945  27.736708
 712.0  0.556840  27.743423
 713.0  0.556722  27.750948
 714.0  0.556785  27.746904
 715.0  0.556230  27.782404
 716.0  0.556225  27.782740
 717.0  0.555954  27.800110
 718.0  0.555804  27.809702
 719.0  0.555767  27.812077
 720.0  0.555519  27.827969
 721.0  0.555333  27.839886
 722.0  0.555298  27.842094
 723.0  0.555176  27.849937
 724.0  0.555173  27.850090
 725.0  0.555044  27.858377
 726.0  0.554766  27.876225
 727.0  0.554796  27.874334
 728.0  0.554392  27.900215
 729.0  0.554293  27.906626
 730.0  0.554144  27.916157
 731.0  0.553943  27.929094
 732.0  0.553807  27.937849
 733.0  0.553844  27.935495
 734.0  0.553513  27.956783
 735.0  0.553568  27.953260
 736.0  0.553261  27.973001
 737.0  0.553163  27.979338
 738.0  0.552969  27.991781
 739.0  0.552592  28.016134
 740.0  0.552540  28.019495
 741.0  0.552379  28.029833
 742.0  0.552297  28.035166
 743.0  0.552104  28.047604
 744.0  0.551874  28.062498
 745.0  0.551645  28.077307
 746.0  0.551561  28.082701
 747.0  0.551378  28.094551
 748.0  0.551358  28.095856
 749.0  0.551244  28.103197
 750.0  0.551080  28.113798
 751.0  0.550771  28.133871
 752.0  0.550757  28.134720
 753.0  0.550461  28.153955
 754.0  0.550481  28.152611
 755.0  0.550198  28.170946
 756.0  0.549982  28.185001
 757.0  0.549884  28.191353
 758.0  0.549670  28.205223
 759.0  0.549465  28.218557
 760.0  0.549447  28.219744
 761.0  0.549297  28.229513
 762.0  0.549153  28.238859
 763.0  0.549002  28.248674
 764.0  0.548898  28.255444
 765.0  0.548860  28.257872
 766.0  0.548813  28.260960
 767.0  0.548451  28.284519
 768.0  0.548418  28.286655
 769.0  0.548142  28.304651
 770.0  0.547942  28.317675
 771.0  0.547948  28.317333
 772.0  0.547881  28.321648
 773.0  0.547744  28.330597
 774.0  0.547752  28.330069
 775.0  0.547289  28.360319
 776.0  0.547159  28.368820
 777.0  0.546976  28.380745
 778.0  0.546840  28.389666
 779.0  0.546720  28.397484
 780.0  0.546420  28.417126
 781.0  0.546244  28.428656
 782.0  0.546293  28.425394
 783.0  0.546203  28.431326
 784.0  0.546153  28.434618
 785.0  0.545956  28.447460
 786.0  0.545818  28.456520
 787.0  0.545636  28.468481
 788.0  0.545439  28.481346
 789.0  0.545634  28.468575
 790.0  0.545262  28.492998
 791.0  0.544990  28.510851
 792.0  0.543807  28.588606
 793.0  0.543607  28.601776
 794.0  0.543846  28.586016
 795.0  0.543744  28.592781
 796.0  0.543633  28.600065
 797.0  0.543663  28.598095
 798.0  0.543475  28.610483
 799.0  0.543248  28.625418
 800.0  0.543299  28.622055
 801.0  0.542901  28.648291
 802.0  0.542872  28.650242
 803.0  0.542860  28.651012
 804.0  0.542654  28.664637
 805.0  0.542806  28.654568
 806.0  0.542745  28.658587
 807.0  0.542346  28.684967
 808.0  0.542570  28.670145
 809.0  0.542454  28.677826
 810.0  0.542290  28.688644
 811.0  0.542299  28.688061
 812.0  0.541887  28.715305
 813.0  0.542063  28.703642
 814.0  0.541816  28.719948
 815.0  0.541605  28.733904
 816.0  0.541644  28.731358
 817.0  0.541361  28.750078
 818.0  0.541136  28.764965
 819.0  0.541467  28.743032
 820.0  0.541014  28.773075
 821.0  0.541220  28.759399
 822.0  0.541237  28.758278
 823.0  0.540916  28.779537
 824.0  0.541014  28.773060
 825.0  0.540722  28.792376
 826.0  0.540420  28.812450
 827.0  0.540666  28.796139
 828.0  0.540223  28.825485
 829.0  0.539981  28.841600
 830.0  0.540211  28.826324
 831.0  0.539888  28.847744
 832.0  0.540103  28.833447
 833.0  0.540122  28.832212
 834.0  0.539978  28.841774
 835.0  0.540074  28.835394
 836.0  0.539658  28.863014
 837.0  0.539537  28.871098
 838.0  0.539577  28.868435
 839.0  0.539109  28.899576
 840.0  0.539197  28.893667
 841.0  0.539263  28.889315
 842.0  0.538762  28.922655
 843.0  0.539250  28.890194
 844.0  0.539037  28.904337
 845.0  0.539106  28.899759
 846.0  0.539117  28.899021
 847.0  0.538706  28.926386
 848.0  0.538830  28.918146
 849.0  0.538778  28.921606
 850.0  0.538495  28.940458
 851.0  0.538433  28.944534
 852.0  0.538358  28.949549
 853.0  0.538295  28.953775
 854.0  0.538321  28.952036
 855.0  0.538264  28.955843
 856.0  0.538290  28.954102
 857.0  0.538220  28.958736
 858.0  0.538230  28.958084
 859.0  0.538049  28.970160
 860.0  0.537952  28.976665
 861.0  0.537710  28.992777
 862.0  0.537738  28.990915
 863.0  0.537586  29.001095
 864.0  0.537728  28.991615
 865.0  0.537527  29.005011
 866.0  0.537659  28.996166
 867.0  0.537476  29.008411
 868.0  0.537505  29.006468
 869.0  0.537593  29.000593
 870.0  0.537573  29.001923
 871.0  0.537383  29.014606
 872.0  0.537333  29.017967
 873.0  0.537229  29.024921
 874.0  0.537013  29.039322
 875.0  0.536993  29.040709
 876.0  0.536887  29.047804
 877.0  0.536738  29.057772
 878.0  0.536814  29.052637
 879.0  0.536640  29.064306
 880.0  0.536635  29.064632
 881.0  0.536636  29.064585
 882.0  0.536563  29.069468
 883.0  0.536552  29.070169
 884.0  0.536345  29.084089
 885.0  0.536154  29.096842
 886.0  0.536172  29.095644
 887.0  0.536127  29.098654
 888.0  0.535983  29.108337
 889.0  0.535857  29.116728
 890.0  0.535806  29.120165
 891.0  0.535846  29.117510
 892.0  0.535753  29.123745
 893.0  0.535849  29.117271
 894.0  0.535967  29.109415
 895.0  0.535652  29.130541
 896.0  0.535493  29.141163
 897.0  0.535334  29.151850
 898.0  0.535062  29.170132
 899.0  0.535065  29.169893
 900.0  0.534934  29.178734
 901.0  0.534851  29.184259
 902.0  0.534713  29.193569
 903.0  0.534695  29.194773
 904.0  0.534684  29.195494
 905.0  0.534818  29.186502
 906.0  0.534713  29.193546
 907.0  0.534740  29.191727
 908.0  0.534416  29.213514
 909.0  0.534233  29.225849
 910.0  0.534098  29.234949
 911.0  0.534182  29.229292
 912.0  0.534033  29.239290
 913.0  0.534000  29.241537
 914.0  0.533811  29.254278
 915.0  0.533793  29.255451
 916.0  0.533699  29.261803
 917.0  0.533751  29.258278
 918.0  0.533745  29.258696
 919.0  0.533459  29.278008
 920.0  0.533347  29.285532
 921.0  0.533122  29.300728
 922.0  0.533017  29.307816
 923.0  0.532797  29.322660
 924.0  0.532792  29.322958
 925.0  0.532612  29.335138
 926.0  0.532662  29.331774
 927.0  0.532555  29.339005
 928.0  0.532517  29.341557
 929.0  0.532456  29.345640
 930.0  0.532539  29.340044
 931.0  0.532239  29.360369
 932.0  0.532160  29.365688
 933.0  0.531898  29.383419
 934.0  0.531737  29.394270
 935.0  0.531488  29.411137
 936.0  0.531423  29.415562
 937.0  0.531225  29.428936
 938.0  0.531159  29.433468
 939.0  0.531116  29.436377
 940.0  0.531055  29.440474
 941.0  0.530964  29.446648
 942.0  0.530877  29.452541
 943.0  0.530797  29.457983
 944.0  0.530556  29.474369
 945.0  0.530462  29.480696
 946.0  0.530251  29.495039
 947.0  0.530038  29.509535
 948.0  0.530045  29.509033
 949.0  0.529888  29.519693
 950.0  0.529616  29.538206
 951.0  0.529746  29.529362
 952.0  0.529580  29.540655
 953.0  0.529692  29.533066
 954.0  0.529669  29.534622
 955.0  0.529695  29.532806
 956.0  0.529281  29.560999
 957.0  0.528991  29.580706
 958.0  0.528725  29.598860
 959.0  0.528770  29.595829
 960.0  0.528598  29.607513
 961.0  0.528430  29.618950
 962.0  0.528211  29.633945
 963.0  0.528200  29.634653
 964.0  0.528204  29.634377
 965.0  0.528372  29.622942
 966.0  0.528109  29.640884
 967.0  0.528040  29.645555
 968.0  0.527916  29.654053
 969.0  0.527600  29.675646
 970.0  0.527579  29.677097
 971.0  0.527426  29.687492
 972.0  0.526314  29.763603
 973.0  0.526116  29.777184
 974.0  0.525961  29.787828
 975.0  0.526188  29.772240
 976.0  0.526122  29.776825
 977.0  0.526258  29.767492
 978.0  0.526137  29.775795
 979.0  0.526047  29.781933
 980.0  0.525866  29.794371
 981.0  0.525737  29.803188
 982.0  0.525544  29.816475
 983.0  0.525384  29.827444
 984.0  0.525253  29.836468
 985.0  0.525346  29.830072
 986.0  0.525173  29.841908
 987.0  0.524991  29.854425
 988.0  0.525104  29.846642
 989.0  0.525083  29.848133
 990.0  0.525126  29.845192
 991.0  0.524992  29.854410
 992.0  0.524760  29.870344
 993.0  0.524548  29.884901
 994.0  0.524486  29.889143
 995.0  0.524137  29.913174
 996.0  0.524122  29.914225
 997.0  0.524013  29.921764
 998.0  0.523863  29.932066
 999.0  0.523837  29.933889
1000.0  0.523544  29.954084
1001.0  0.523572  29.952152
1002.0  0.523623  29.948633
1003.0  0.523311  29.970129
1004.0  0.523128  29.982801
1005.0  0.523150  29.981279
1006.0  0.522825  30.003729
1007.0  0.522970  29.993668
1008.0  0.522624  30.017601
1009.0  0.522284  30.041094
1010.0  0.522390  30.033796
1011.0  0.522178  30.048433
1012.0  0.522138  30.051237
1013.0  0.522292  30.040565
1014.0  0.522300  30.039980
1015.0  0.522125  30.052095
1016.0  0.521830  30.072519
1017.0  0.520618  30.156593
1018.0  0.520505  30.164442
1019.0  0.520281  30.179995
1020.0  0.520457  30.167761
1021.0  0.520344  30.175589
1022.0  0.520443  30.168755
1023.0  0.520438  30.169054
1024.0  0.520332  30.176474
1025.0  0.520591  30.158447
1026.0  0.520534  30.162405
1027.0  0.520328  30.176739
1028.0  0.520383  30.172880
1029.0  0.520243  30.182596
1030.0  0.519670  30.222488
1031.0  0.519986  30.200514
1032.0  0.519702  30.220217
1033.0  0.519752  30.216782
1034.0  0.519858  30.209360
1035.0  0.519541  30.231424
1036.0  0.519788  30.214228
1037.0  0.519714  30.219437
1038.0  0.519477  30.235914
1039.0  0.519598  30.227501
1040.0  0.519097  30.262384
1041.0  0.519008  30.268591
1042.0  0.518857  30.279110
1043.0  0.518577  30.298641
1044.0  0.518866  30.278496
1045.0  0.518843  30.280050
1046.0  0.518327  30.316101
1047.0  0.518566  30.299421
1048.0  0.518483  30.305178
1049.0  0.517803  30.352663
1050.0  0.517586  30.367847
1051.0  0.517679  30.361345
1052.0  0.518029  30.336887
1053.0  0.517623  30.365263
1054.0  0.517819  30.351555
1055.0  0.517741  30.357029
1056.0  0.517666  30.362246
1057.0  0.517833  30.350565
1058.0  0.517732  30.357662
1059.0  0.517545  30.370714
1060.0  0.518071  30.333982
1061.0  0.517718  30.358622
1062.0  0.517814  30.351896
1063.0  0.517917  30.344700
1064.0  0.517565  30.369297
1065.0  0.518050  30.335455
1066.0  0.518076  30.333616
1067.0  0.517670  30.361980
1068.0  0.518335  30.315502
1069.0  0.518038  30.336239
1070.0  0.517911  30.345150
1071.0  0.518559  30.299871
1072.0  0.518138  30.329252
1073.0  0.518516  30.302891
1074.0  0.518818  30.281853
1075.0  0.518353  30.314280
1076.0  0.519139  30.259445
1077.0  0.516829  30.420799
1078.0  0.517382  30.382088
1079.0  0.517298  30.387985
1080.0  0.517164  30.397362
1081.0  0.517694  30.360329
1082.0  0.517576  30.368530
1083.0  0.517757  30.355864
1084.0  0.518419  30.309654
1085.0  0.518021  30.337446
1086.0  0.518363  30.313530
1087.0  0.518713  30.289162
1088.0  0.518101  30.331892
1089.0  0.518591  30.297659
1090.0  0.518353  30.314297
1091.0  0.518510  30.303331
1092.0  0.519064  30.264662
1093.0  0.518715  30.289036
1094.0  0.519081  30.263481
1095.0  0.520108  30.191977
1096.0  0.520234  30.183233
1097.0  0.520964  30.132547
1098.0  0.520898  30.137131
1099.0  0.521617  30.087273
1100.0  0.522981  29.992975
