 WL        Abs       T%
 190.0  4.452875   0.003525
 191.0  3.269279   0.053792
 192.0  3.426105   0.037488
 193.0  3.110400   0.077553
 194.0  4.115644   0.007662
 195.0  3.641191   0.022846
 196.0  4.266890   0.005409
 197.0  3.471732   0.033750
 198.0  3.366330   0.043020
 199.0  4.411822   0.003874
 200.0  3.363503   0.043301
 201.0  2.991772   0.101913
 202.0  3.608579   0.024628
 203.0  3.639835   0.022917
 204.0  4.265596   0.005425
 205.0  3.512840   0.030702
 206.0  4.318439   0.004804
 207.0  3.739849   0.018203
 208.0  3.758779   0.017427
 209.0  4.381259   0.004157
 210.0  3.802740   0.015749
 211.0  3.726206   0.018784
 212.0  4.442966   0.003606
 213.0  3.858131   0.013863
 214.0  4.182556   0.006568
 215.0  4.188437   0.006480
 216.0  4.024048   0.009461
 217.0  4.512004   0.003076
 218.0  4.045180   0.009012
 219.0  3.832266   0.014714
 220.0  4.538951   0.002891
 221.0  4.068841   0.008534
 222.0  3.852943   0.014030
 223.0  4.556664   0.002775
 224.0  3.861582   0.013754
 225.0  4.262095   0.005469
 226.0  4.087746   0.008171
 227.0  3.963835   0.010868
 228.0  4.265349   0.005428
 229.0  3.964390   0.010855
 230.0  4.088703   0.008153
 231.0  4.564666   0.002725
 232.0  3.960542   0.010951
 233.0  3.957308   0.011033
 234.0  4.555603   0.002782
 235.0  3.851894   0.014064
 236.0  4.244611   0.005694
 237.0  4.063233   0.008645
 238.0  3.835678   0.014599
 239.0  4.529290   0.002956
 240.0  3.825452   0.014947
 241.0  3.918123   0.012075
 242.0  4.517236   0.003039
 243.0  3.815817   0.015282
 244.0  4.212255   0.006134
 245.0  4.513151   0.003068
 246.0  3.911810   0.012252
 247.0  4.515384   0.003052
 248.0  4.216100   0.006080
 249.0  3.916744   0.012113
 250.0  4.520379   0.003017
 251.0  3.822508   0.015048
 252.0  3.920084   0.012020
 253.0  4.522288   0.003004
 254.0  3.919457   0.012038
 255.0  4.218968   0.006040
 256.0  4.216548   0.006074
 257.0  3.912103   0.012243
 258.0  4.510264   0.003088
 259.0  4.028124   0.009373
 260.0  3.800566   0.015828
 261.0  4.493389   0.003211
 262.0  3.884115   0.013058
 263.0  4.001561   0.009964
 264.0  4.470808   0.003382
 265.0  3.763713   0.017230
 266.0  4.153937   0.007016
 267.0  3.969959   0.010716
 268.0  3.740426   0.018179
 269.0  4.431364   0.003704
 270.0  3.821497   0.015084
 271.0  3.814464   0.015330
 272.0  4.409747   0.003893
 273.0  3.625981   0.023660
 274.0  3.797510   0.015940
 275.0  4.395624   0.004021
 276.0  3.693639   0.020247
 277.0  4.089252   0.008142
 278.0  3.786113   0.016364
 279.0  3.784635   0.016420
 280.0  4.385177   0.004119
 281.0  3.684881   0.020659
 282.0  3.781037   0.016556
 283.0  4.382035   0.004149
 284.0  3.682055   0.020794
 285.0  4.380048   0.004168
 286.0  3.901586   0.012543
 287.0  3.599701   0.025136
 288.0  4.076113   0.008392
 289.0  4.075657   0.008401
 290.0  4.075802   0.008398
 291.0  4.075693   0.008401
 292.0  3.899638   0.012600
 293.0  3.774517   0.016807
 294.0  4.376102   0.004206
 295.0  3.773403   0.016850
 296.0  4.374217   0.004225
 297.0  4.071569   0.008481
 298.0  3.671469   0.021307
 299.0  4.367524   0.004290
 300.0  3.762791   0.017267
 301.0  4.060812   0.008693
 302.0  4.358259   0.004383
 303.0  3.877755   0.013251
 304.0  3.873747   0.013374
 305.0  4.346783   0.004500
 306.0  3.564607   0.027252
 307.0  4.037148   0.009180
 308.0  4.032901   0.009270
 309.0  4.329256   0.004685
 310.0  4.323850   0.004744
 311.0  3.716733   0.019198
 312.0  3.836598   0.014568
 313.0  4.309012   0.004909
 314.0  3.645608   0.022615
 315.0  4.117481   0.007630
 316.0  3.744516   0.018009
 317.0  3.884999   0.013032
 318.0  3.976522   0.010555
 319.0  3.669816   0.021389
 320.0  4.266620   0.005412
 321.0  3.784415   0.016428
 322.0  3.778429   0.016656
 323.0  4.073670   0.008440
 324.0  3.699838   0.019960
 325.0  3.936049   0.011586
 326.0  4.229874   0.005890
 327.0  3.569218   0.026964
 328.0  3.914356   0.012180
 329.0  3.810757   0.015461
 330.0  3.599474   0.025149
 331.0  4.194542   0.006389
 332.0  3.642676   0.022768
 333.0  3.576888   0.026492
 334.0  4.473239   0.003363
 335.0  3.563244   0.027337
 336.0  3.760634   0.017353
 337.0  3.850708   0.014102
 338.0  3.600506   0.025090
 339.0  4.138698   0.007266
 340.0  3.348840   0.044788
 341.0  3.657749   0.021991
 342.0  3.665722   0.021591
 343.0  3.323504   0.047478
 344.0  4.287622   0.005157
 345.0  3.395414   0.040233
 346.0  3.464915   0.034283
 347.0  4.321391   0.004771
 348.0  3.254306   0.055679
 349.0  3.567948   0.027043
 350.0  3.880471   0.013168
 351.0  3.369123   0.042744
 352.0  3.681875   0.020803
 353.0  3.615652   0.024230
 354.0  3.451309   0.035375
 355.0  4.414455   0.003851
 356.0  3.518974   0.030271
 357.0  3.728776   0.018673
 358.0  4.431300   0.003704
 359.0  3.354493   0.044209
 360.0  3.655811   0.022090
 361.0  3.733871   0.018456
 362.0  3.476026   0.033417
 363.0  3.948120   0.011269
 364.0  3.573601   0.026693
 365.0  3.631579   0.023357
 366.0  4.398391   0.003996
 367.0  3.783064   0.016479
 368.0  3.522910   0.029998
 369.0  4.046476   0.008985
 370.0  2.771383   0.169284
 371.0  3.764350   0.017205
 372.0  3.779284   0.016623
 373.0  4.271051   0.005357
 374.0  3.684172   0.020693
 375.0  3.698818   0.020007
 376.0  4.316096   0.004830
 377.0  3.854812   0.013970
 378.0  3.745075   0.017986
 379.0  4.362294   0.004342
 380.0  3.774955   0.016790
 381.0  4.089694   0.008134
 382.0  3.927525   0.011816
 383.0  3.573220   0.026717
 384.0  4.130495   0.007405
 385.0  3.745403   0.017972
 386.0  3.854169   0.013990
 387.0  4.467623   0.003407
 388.0  3.779712   0.016607
 389.0  4.013301   0.009698
 390.0  4.200002   0.006310
 391.0  3.904066   0.012472
 392.0  4.217036   0.006067
 393.0  3.750817   0.017749
 394.0  4.237996   0.005781
 395.0  4.247802   0.005652
 396.0  3.955664   0.011075
 397.0  4.265502   0.005426
 398.0  3.671751   0.021294
 399.0  3.980935   0.010449
 400.0  4.289879   0.005130
 401.0  3.820464   0.015119
 402.0  4.305351   0.004950
 403.0  4.011698   0.009734
 404.0  3.842505   0.014371
 405.0  3.848907   0.014161
 406.0  3.730116   0.018616
 407.0  3.639048   0.022959
 408.0  4.042615   0.009065
 409.0  3.570660   0.026874
 410.0  3.751702   0.017713
 411.0  3.659441   0.021906
 412.0  3.362991   0.043352
 413.0  3.326634   0.047137
 414.0  3.196600   0.063592
 415.0  3.146347   0.071393
 416.0  3.101838   0.079097
 417.0  2.968806   0.107447
 418.0  2.895423   0.127226
 419.0  2.898176   0.126422
 420.0  2.800647   0.158253
 421.0  2.760282   0.173667
 422.0  2.705078   0.197207
 423.0  2.633050   0.232782
 424.0  2.611984   0.244352
 425.0  2.546682   0.284000
 426.0  2.495423   0.319578
 427.0  2.469372   0.339335
 428.0  2.416433   0.383325
 429.0  2.377167   0.419597
 430.0  2.352165   0.444462
 431.0  2.302725   0.498052
 432.0  2.274053   0.532044
 433.0  2.246464   0.566939
 434.0  2.202849   0.626832
 435.0  2.173080   0.671306
 436.0  2.144574   0.716846
 437.0  2.112414   0.771944
 438.0  2.094988   0.803549
 439.0  2.060148   0.870667
 440.0  2.039006   0.914100
 441.0  2.019464   0.956172
 442.0  1.994209   1.013424
 443.0  1.976062   1.056668
 444.0  1.955881   1.106927
 445.0  1.932097   1.169239
 446.0  1.921687   1.197605
 447.0  1.900984   1.256076
 448.0  1.885148   1.302723
 449.0  1.873989   1.336629
 450.0  1.852314   1.405031
 451.0  1.833111   1.468551
 452.0  1.818718   1.518035
 453.0  1.805099   1.566394
 454.0  1.787120   1.632599
 455.0  1.780439   1.657910
 456.0  1.767313   1.708785
 457.0  1.751577   1.771834
 458.0  1.747723   1.787626
 459.0  1.734038   1.844853
 460.0  1.724903   1.884069
 461.0  1.718069   1.913951
 462.0  1.706943   1.963616
 463.0  1.700496   1.992984
 464.0  1.692435   2.030321
 465.0  1.681896   2.080193
 466.0  1.678625   2.095920
 467.0  1.669317   2.141327
 468.0  1.661854   2.178442
 469.0  1.657493   2.200427
 470.0  1.650030   2.238564
 471.0  1.644272   2.268445
 472.0  1.639584   2.293061
 473.0  1.631459   2.336367
 474.0  1.628224   2.353834
 475.0  1.623517   2.379487
 476.0  1.617056   2.415148
 477.0  1.613455   2.435256
 478.0  1.609123   2.459671
 479.0  1.603426   2.492150
 480.0  1.601164   2.505165
 481.0  1.594940   2.541325
 482.0  1.591135   2.563688
 483.0  1.589453   2.573635
 484.0  1.583710   2.607893
 485.0  1.580813   2.625350
 486.0  1.577884   2.643116
 487.0  1.576823   2.649583
 488.0  1.572385   2.676792
 489.0  1.568470   2.701031
 490.0  1.565837   2.717458
 491.0  1.562372   2.739225
 492.0  1.560043   2.753955
 493.0  1.555756   2.781274
 494.0  1.554421   2.789840
 495.0  1.552194   2.804179
 496.0  1.550114   2.817644
 497.0  1.545610   2.847016
 498.0  1.543818   2.858789
 499.0  1.542878   2.864986
 500.0  1.539214   2.889255
 501.0  1.538812   2.891933
 502.0  1.535214   2.915990
 503.0  1.532663   2.933170
 504.0  1.530905   2.945069
 505.0  1.527668   2.967099
 506.0  1.525943   2.978908
 507.0  1.525725   2.980400
 508.0  1.523430   2.996194
 509.0  1.522133   3.005159
 510.0  1.518858   3.027905
 511.0  1.519515   3.023328
 512.0  1.516559   3.043974
 513.0  1.515066   3.054455
 514.0  1.513448   3.065857
 515.0  1.511148   3.082139
 516.0  1.508257   3.102721
 517.0  1.508735   3.099307
 518.0  1.507993   3.104607
 519.0  1.505832   3.120094
 520.0  1.505129   3.125152
 521.0  1.504061   3.132844
 522.0  1.502993   3.140558
 523.0  1.502621   3.143250
 524.0  1.500289   3.160175
 525.0  1.498300   3.174677
 526.0  1.497244   3.182408
 527.0  1.496167   3.190313
 528.0  1.496953   3.184539
 529.0  1.494643   3.201523
 530.0  1.492282   3.218980
 531.0  1.493015   3.213551
 532.0  1.491458   3.225091
 533.0  1.490350   3.233327
 534.0  1.490019   3.235794
 535.0  1.489823   3.237254
 536.0  1.490448   3.232601
 537.0  1.488458   3.247446
 538.0  1.486845   3.259530
 539.0  1.486722   3.260456
 540.0  1.485582   3.269021
 541.0  1.485955   3.266215
 542.0  1.487206   3.256825
 543.0  1.486410   3.262797
 544.0  1.488632   3.246149
 545.0  1.489029   3.243178
 546.0  1.488790   3.244964
 547.0  1.489812   3.237341
 548.0  1.489520   3.239515
 549.0  1.487683   3.253249
 550.0  1.488731   3.245406
 551.0  1.487503   3.254593
 552.0  1.485888   3.266719
 553.0  1.485462   3.269929
 554.0  1.483298   3.286260
 555.0  1.482955   3.288855
 556.0  1.480767   3.305466
 557.0  1.479344   3.316319
 558.0  1.479083   3.318312
 559.0  1.477874   3.327561
 560.0  1.475382   3.346711
 561.0  1.474405   3.354250
 562.0  1.472273   3.370750
 563.0  1.471785   3.374545
 564.0  1.470345   3.385747
 565.0  1.468708   3.398540
 566.0  1.468011   3.403999
 567.0  1.466280   3.417588
 568.0  1.463215   3.441797
 569.0  1.459892   3.468230
 570.0  1.456605   3.494581
 571.0  1.454980   3.507680
 572.0  1.452106   3.530969
 573.0  1.450239   3.546181
 574.0  1.449515   3.552103
 575.0  1.449852   3.549340
 576.0  1.447987   3.564620
 577.0  1.449265   3.554144
 578.0  1.449117   3.555355
 579.0  1.449036   3.556017
 580.0  1.449487   3.552325
 581.0  1.450494   3.544100
 582.0  1.450774   3.541817
 583.0  1.451356   3.537070
 584.0  1.451625   3.534880
 585.0  1.451887   3.532755
 586.0  1.404448   3.940509
 587.0  1.404395   3.940986
 588.0  1.404577   3.939332
 589.0  1.403563   3.948544
 590.0  1.404722   3.938018
 591.0  1.405209   3.933604
 592.0  1.404621   3.938933
 593.0  1.405164   3.934011
 594.0  1.405219   3.933515
 595.0  1.406561   3.921376
 596.0  1.405671   3.929426
 597.0  1.405477   3.931179
 598.0  1.406070   3.925812
 599.0  1.404602   3.939110
 600.0  1.405119   3.934425
 601.0  1.403700   3.947302
 602.0  1.403282   3.951100
 603.0  1.403703   3.947268
 604.0  1.403663   3.947636
 605.0  1.403855   3.945887
 606.0  1.404311   3.941748
 607.0  1.403805   3.946346
 608.0  1.403443   3.949632
 609.0  1.403559   3.948576
 610.0  1.401995   3.962826
 611.0  1.402210   3.960869
 612.0  1.401614   3.966301
 613.0  1.401235   3.969769
 614.0  1.401490   3.967438
 615.0  1.401129   3.970736
 616.0  1.400620   3.975393
 617.0  1.400478   3.976695
 618.0  1.400213   3.979124
 619.0  1.400091   3.980237
 620.0  1.400261   3.978683
 621.0  1.399135   3.989011
 622.0  1.399177   3.988619
 623.0  1.397928   4.000113
 624.0  1.397002   4.008649
 625.0  1.397469   4.004344
 626.0  1.396285   4.015268
 627.0  1.396241   4.015682
 628.0  1.396170   4.016331
 629.0  1.395357   4.023858
 630.0  1.395308   4.024314
 631.0  1.395371   4.023731
 632.0  1.393931   4.037093
 633.0  1.394191   4.034676
 634.0  1.393109   4.044743
 635.0  1.392288   4.052393
 636.0  1.392765   4.047948
 637.0  1.392198   4.053236
 638.0  1.391913   4.055902
 639.0  1.391704   4.057847
 640.0  1.390172   4.072190
 641.0  1.390914   4.065240
 642.0  1.389965   4.074131
 643.0  1.389591   4.077646
 644.0  1.389917   4.074581
 645.0  1.389465   4.078828
 646.0  1.387970   4.092888
 647.0  1.388382   4.089009
 648.0  1.387124   4.100866
 649.0  1.387338   4.098853
 650.0  1.387115   4.100956
 651.0  1.385899   4.112457
 652.0  1.386022   4.111287
 653.0  1.385851   4.112906
 654.0  1.384933   4.121606
 655.0  1.385121   4.119826
 656.0  1.385028   4.120712
 657.0  1.383699   4.133342
 658.0  1.384191   4.128660
 659.0  1.382386   4.145856
 660.0  1.382707   4.142787
 661.0  1.382594   4.143868
 662.0  1.381853   4.150942
 663.0  1.381949   4.150027
 664.0  1.381030   4.158820
 665.0  1.380350   4.165338
 666.0  1.380584   4.163088
 667.0  1.380818   4.160848
 668.0  1.380143   4.167325
 669.0  1.379649   4.172061
 670.0  1.378669   4.181491
 671.0  1.378796   4.180266
 672.0  1.378382   4.184258
 673.0  1.377742   4.190423
 674.0  1.377927   4.188643
 675.0  1.376870   4.198851
 676.0  1.377243   4.195245
 677.0  1.377455   4.193193
 678.0  1.376667   4.200809
 679.0  1.376685   4.200636
 680.0  1.375949   4.207764
 681.0  1.375260   4.214444
 682.0  1.375155   4.215463
 683.0  1.374732   4.219573
 684.0  1.374009   4.226603
 685.0  1.373886   4.227799
 686.0  1.373887   4.227790
 687.0  1.373473   4.231814
 688.0  1.373834   4.228305
 689.0  1.373164   4.234829
 690.0  1.373080   4.235647
 691.0  1.373463   4.231920
 692.0  1.372334   4.242928
 693.0  1.371845   4.247711
 694.0  1.371248   4.253558
 695.0  1.371124   4.254774
 696.0  1.371469   4.251391
 697.0  1.370508   4.260808
 698.0  1.370908   4.256886
 699.0  1.371436   4.251710
 700.0  1.369776   4.267999
 701.0  1.370345   4.262405
 702.0  1.370242   4.263423
 703.0  1.370113   4.264680
 704.0  1.369991   4.265884
 705.0  1.368971   4.275917
 706.0  1.368976   4.275870
 707.0  1.368259   4.282927
 708.0  1.368342   4.282115
 709.0  1.368589   4.279681
 710.0  1.368836   4.277240
 711.0  1.368347   4.282058
 712.0  1.368262   4.282905
 713.0  1.368229   4.283225
 714.0  1.367753   4.287923
 715.0  1.368605   4.279518
 716.0  1.368666   4.278923
 717.0  1.367379   4.291622
 718.0  1.367540   4.290027
 719.0  1.367522   4.290208
 720.0  1.367042   4.294945
 721.0  1.367217   4.293218
 722.0  1.367614   4.289292
 723.0  1.367536   4.290068
 724.0  1.367091   4.294460
 725.0  1.366958   4.295778
 726.0  1.367773   4.287727
 727.0  1.367920   4.286273
 728.0  1.367259   4.292807
 729.0  1.367396   4.291453
 730.0  1.365988   4.305385
 731.0  1.366593   4.299388
 732.0  1.366023   4.305035
 733.0  1.365380   4.311419
 734.0  1.365964   4.305620
 735.0  1.365381   4.311403
 736.0  1.365904   4.306219
 737.0  1.366447   4.300835
 738.0  1.366082   4.304455
 739.0  1.365205   4.313155
 740.0  1.365982   4.305443
 741.0  1.365065   4.314547
 742.0  1.366155   4.303730
 743.0  1.366200   4.303286
 744.0  1.365149   4.313712
 745.0  1.365938   4.305882
 746.0  1.365077   4.314429
 747.0  1.365293   4.312283
 748.0  1.365917   4.306088
 749.0  1.365146   4.313739
 750.0  1.365231   4.312893
 751.0  1.365473   4.310495
 752.0  1.364299   4.322165
 753.0  1.365302   4.312188
 754.0  1.365394   4.311274
 755.0  1.364790   4.317276
 756.0  1.365406   4.311163
 757.0  1.364872   4.316466
 758.0  1.364702   4.318148
 759.0  1.365007   4.315120
 760.0  1.364195   4.323202
 761.0  1.365029   4.314904
 762.0  1.365441   4.310808
 763.0  1.364391   4.321250
 764.0  1.365847   4.306780
 765.0  1.365416   4.311057
 766.0  1.365030   4.314892
 767.0  1.364849   4.316690
 768.0  1.363942   4.325720
 769.0  1.364849   4.316693
 770.0  1.364552   4.319645
 771.0  1.364684   4.318332
 772.0  1.365039   4.314806
 773.0  1.365367   4.311543
 774.0  1.364993   4.315260
 775.0  1.365663   4.308604
 776.0  1.364980   4.315392
 777.0  1.365450   4.310721
 778.0  1.365331   4.311906
 779.0  1.364331   4.321841
 780.0  1.365359   4.311625
 781.0  1.366329   4.302003
 782.0  1.365627   4.308961
 783.0  1.365846   4.306795
 784.0  1.365354   4.311673
 785.0  1.364997   4.315223
 786.0  1.365798   4.307267
 787.0  1.366089   4.304380
 788.0  1.365813   4.307125
 789.0  1.367035   4.295019
 790.0  1.365741   4.307829
 791.0  1.365492   4.310302
 792.0  1.363701   4.328115
 793.0  1.364836   4.316818
 794.0  1.364688   4.318292
 795.0  1.364479   4.320367
 796.0  1.365190   4.313307
 797.0  1.364534   4.319820
 798.0  1.365200   4.313205
 799.0  1.365763   4.307618
 800.0  1.365065   4.314542
 801.0  1.366079   4.304481
 802.0  1.366195   4.303330
 803.0  1.365055   4.314642
 804.0  1.365938   4.305884
 805.0  1.365555   4.309683
 806.0  1.365715   4.308097
 807.0  1.367057   4.294797
 808.0  1.365876   4.306499
 809.0  1.366407   4.301233
 810.0  1.367250   4.292892
 811.0  1.365814   4.307111
 812.0  1.366683   4.298498
 813.0  1.366869   4.296659
 814.0  1.366443   4.300875
 815.0  1.366902   4.296337
 816.0  1.366396   4.301346
 817.0  1.366955   4.295805
 818.0  1.367313   4.292273
 819.0  1.366863   4.296722
 820.0  1.366536   4.299951
 821.0  1.367843   4.287033
 822.0  1.366203   4.303258
 823.0  1.367229   4.293099
 824.0  1.368050   4.284990
 825.0  1.366679   4.298542
 826.0  1.367872   4.286747
 827.0  1.367359   4.291815
 828.0  1.366636   4.298968
 829.0  1.368554   4.280017
 830.0  1.367164   4.293738
 831.0  1.367443   4.290984
 832.0  1.368348   4.282053
 833.0  1.366949   4.295865
 834.0  1.368466   4.280884
 835.0  1.368111   4.284391
 836.0  1.367421   4.291204
 837.0  1.369138   4.274275
 838.0  1.367090   4.294478
 839.0  1.366896   4.296397
 840.0  1.368862   4.276985
 841.0  1.367361   4.291796
 842.0  1.367554   4.289889
 843.0  1.368715   4.278431
 844.0  1.367200   4.293387
 845.0  1.368708   4.278500
 846.0  1.367925   4.286228
 847.0  1.367662   4.288821
 848.0  1.369505   4.270664
 849.0  1.368296   4.282568
 850.0  1.370143   4.264391
 851.0  1.385647   4.114840
 852.0  1.386034   4.111178
 853.0  1.385849   4.112926
 854.0  1.386298   4.108676
 855.0  1.386455   4.107193
 856.0  1.386613   4.105702
 857.0  1.386464   4.107108
 858.0  1.386731   4.104581
 859.0  1.387356   4.098680
 860.0  1.386797   4.103955
 861.0  1.386559   4.106212
 862.0  1.386888   4.103096
 863.0  1.387207   4.100086
 864.0  1.387527   4.097070
 865.0  1.387586   4.096514
 866.0  1.387170   4.100440
 867.0  1.387503   4.097296
 868.0  1.387024   4.101810
 869.0  1.387333   4.098893
 870.0  1.387405   4.098222
 871.0  1.387777   4.094711
 872.0  1.387560   4.096755
 873.0  1.387718   4.095262
 874.0  1.387766   4.094814
 875.0  1.388140   4.091284
 876.0  1.387608   4.096303
 877.0  1.387983   4.092765
 878.0  1.388068   4.091962
 879.0  1.388117   4.091508
 880.0  1.388382   4.089006
 881.0  1.388611   4.086849
 882.0  1.388243   4.090320
 883.0  1.388547   4.087452
 884.0  1.388828   4.084811
 885.0  1.388777   4.085288
 886.0  1.388984   4.083344
 887.0  1.389128   4.081987
 888.0  1.388952   4.083647
 889.0  1.389457   4.078901
 890.0  1.389331   4.080085
 891.0  1.388767   4.085387
 892.0  1.389668   4.076914
 893.0  1.389122   4.082051
 894.0  1.389262   4.080732
 895.0  1.389768   4.075975
 896.0  1.389674   4.076866
 897.0  1.389578   4.077761
 898.0  1.389237   4.080966
 899.0  1.389762   4.076038
 900.0  1.390199   4.071938
 901.0  1.389960   4.074174
 902.0  1.390119   4.072682
 903.0  1.390266   4.071308
 904.0  1.390473   4.069364
 905.0  1.390511   4.069010
 906.0  1.390536   4.068776
 907.0  1.390042   4.073406
 908.0  1.391193   4.062624
 909.0  1.390671   4.067514
 910.0  1.390670   4.067524
 911.0  1.391846   4.056524
 912.0  1.391273   4.061878
 913.0  1.391193   4.062627
 914.0  1.391675   4.058125
 915.0  1.391472   4.060018
 916.0  1.391483   4.059917
 917.0  1.391793   4.057021
 918.0  1.391505   4.059712
 919.0  1.391859   4.056398
 920.0  1.391858   4.056408
 921.0  1.391744   4.057473
 922.0  1.392257   4.052688
 923.0  1.391959   4.055472
 924.0  1.392435   4.051024
 925.0  1.392178   4.053426
 926.0  1.392617   4.049325
 927.0  1.393004   4.045720
 928.0  1.393005   4.045715
 929.0  1.392430   4.051071
 930.0  1.393486   4.041234
 931.0  1.392411   4.051253
 932.0  1.393039   4.045397
 933.0  1.393850   4.037845
 934.0  1.393687   4.039367
 935.0  1.394554   4.031310
 936.0  1.393404   4.041996
 937.0  1.393857   4.037782
 938.0  1.393905   4.037334
 939.0  1.394524   4.031582
 940.0  1.394449   4.032288
 941.0  1.394829   4.028760
 942.0  1.393681   4.039420
 943.0  1.393858   4.037771
 944.0  1.395652   4.021132
 945.0  1.394824   4.028799
 946.0  1.395401   4.023454
 947.0  1.395664   4.021019
 948.0  1.395135   4.025923
 949.0  1.395948   4.018388
 950.0  1.396229   4.015792
 951.0  1.395067   4.026548
 952.0  1.396076   4.017204
 953.0  1.395596   4.021645
 954.0  1.396252   4.015582
 955.0  1.396290   4.015224
 956.0  1.395928   4.018572
 957.0  1.396425   4.013976
 958.0  1.397174   4.007058
 959.0  1.396715   4.011299
 960.0  1.397045   4.008254
 961.0  1.396363   4.014550
 962.0  1.396852   4.010036
 963.0  1.398215   3.997464
 964.0  1.396511   4.013179
 965.0  1.396736   4.011103
 966.0  1.397149   4.007295
 967.0  1.397632   4.002834
 968.0  1.396966   4.008982
 969.0  1.398192   3.997679
 970.0  1.396667   4.011741
 971.0  1.397382   4.005143
 972.0  1.396212   4.015943
 973.0  1.397180   4.007003
 974.0  1.396626   4.012124
 975.0  1.397511   4.003951
 976.0  1.397609   4.003052
 977.0  1.396830   4.010239
 978.0  1.397588   4.003241
 979.0  1.398225   3.997373
 980.0  1.397748   4.001772
 981.0  1.398147   3.998091
 982.0  1.398187   3.997723
 983.0  1.398329   3.996422
 984.0  1.398996   3.990288
 985.0  1.398211   3.997508
 986.0  1.398881   3.991344
 987.0  1.399079   3.989524
 988.0  1.398061   3.998889
 989.0  1.399098   3.989353
 990.0  1.399447   3.986140
 991.0  1.399021   3.990057
 992.0  1.399583   3.984900
 993.0  1.399028   3.989991
 994.0  1.399400   3.986576
 995.0  1.400552   3.976019
 996.0  1.400074   3.980396
 997.0  1.400962   3.972261
 998.0  1.400316   3.978175
 999.0  1.399218   3.988248
1000.0  1.401047   3.971483
1001.0  1.400952   3.972354
1002.0  1.399469   3.985940
1003.0  1.400800   3.973744
1004.0  1.399698   3.983840
1005.0  1.400546   3.976070
1006.0  1.400865   3.973153
1007.0  1.400328   3.978064
1008.0  1.400897   3.972855
1009.0  1.400740   3.974292
1010.0  1.400613   3.975454
1011.0  1.401711   3.965415
1012.0  1.400211   3.979134
1013.0  1.400983   3.972072
1014.0  1.402335   3.959728
1015.0  1.401110   3.970906
1016.0  1.401648   3.965991
1017.0  1.400438   3.977056
1018.0  1.400648   3.975138
1019.0  1.401201   3.970079
1020.0  1.400007   3.981011
1021.0  1.401649   3.965982
1022.0  1.401774   3.964844
1023.0  1.401062   3.971346
1024.0  1.402014   3.962656
1025.0  1.401525   3.967114
1026.0  1.401348   3.968739
1027.0  1.402444   3.958729
1028.0  1.401536   3.967016
1029.0  1.402530   3.957947
1030.0  1.402652   3.956834
1031.0  1.401644   3.966034
1032.0  1.403708   3.947229
1033.0  1.403026   3.953430
1034.0  1.402230   3.960685
1035.0  1.403611   3.948106
1036.0  1.402785   3.955623
1037.0  1.402990   3.953762
1038.0  1.404064   3.943989
1039.0  1.403360   3.950394
1040.0  1.404046   3.944159
1041.0  1.404191   3.942836
1042.0  1.403316   3.950790
1043.0  1.404524   3.939818
1044.0  1.403318   3.950776
1045.0  1.403699   3.947306
1046.0  1.405394   3.931930
1047.0  1.403836   3.946063
1048.0  1.403283   3.951092
1049.0  1.402739   3.956044
1050.0  1.403605   3.948161
1051.0  1.404734   3.937915
1052.0  1.404043   3.944181
1053.0  1.405664   3.929489
1054.0  1.406283   3.923896
1055.0  1.405304   3.932750
1056.0  1.406620   3.920852
1057.0  1.405276   3.933004
1058.0  1.404753   3.937738
1059.0  1.407444   3.913414
1060.0  1.403994   3.944627
1061.0  1.406256   3.924138
1062.0  1.407255   3.915119
1063.0  1.403650   3.947750
1064.0  1.409213   3.897504
1065.0  1.407351   3.914252
1066.0  1.406625   3.920804
1067.0  1.409058   3.898899
1068.0  1.405206   3.933637
1069.0  1.407564   3.912336
1070.0  1.409653   3.893565
1071.0  1.406371   3.923100
1072.0  1.407901   3.909301
1073.0  1.408698   3.902128
1074.0  1.406419   3.922664
1075.0  1.409466   3.895238
1076.0  1.414762   3.848023
1077.0  1.409606   3.893983
1078.0  1.407741   3.910743
1079.0  1.406215   3.924502
1080.0  1.412396   3.869047
1081.0  1.405987   3.926566
1082.0  1.409495   3.894978
1083.0  1.412637   3.866899
1084.0  1.407909   3.909231
1085.0  1.414330   3.851856
1086.0  1.415917   3.837805
1087.0  1.414254   3.852529
1088.0  1.417382   3.824879
1089.0  1.413493   3.859286
1090.0  1.412991   3.863748
1091.0  1.418855   3.811931
1092.0  1.412508   3.868051
1093.0  1.415832   3.838561
1094.0  1.418626   3.813940
1095.0  1.417369   3.824997
1096.0  1.432507   3.693969
1097.0  1.443536   3.601340
1098.0  1.438931   3.639733
1099.0  1.439266   3.636922
1100.0  1.434000   3.681293
