 WL        Abs       T%
 190.0  2.345184   0.451665
 191.0  3.873166   0.013392
 192.0  2.582523   0.261503
 193.0  3.015192   0.096562
 194.0  2.784053   0.164417
 195.0  2.955617   0.110760
 196.0  2.869396   0.135084
 197.0  3.038390   0.091540
 198.0  3.220482   0.060189
 199.0  2.964950   0.108405
 200.0  3.238658   0.057722
 201.0  2.878153   0.132387
 202.0  3.307363   0.049276
 203.0  3.463893   0.034364
 204.0  3.224156   0.059682
 205.0  3.591999   0.025586
 206.0  3.281036   0.052356
 207.0  3.300437   0.050068
 208.0  3.582650   0.026143
 209.0  3.267425   0.054023
 210.0  3.450437   0.035446
 211.0  3.580355   0.026281
 212.0  3.329085   0.046872
 213.0  3.615093   0.024261
 214.0  3.572944   0.026734
 215.0  3.375467   0.042124
 216.0  3.802254   0.015767
 217.0  3.470731   0.033827
 218.0  3.567902   0.027046
 219.0  3.686036   0.020605
 220.0  3.459707   0.034697
 221.0  3.642786   0.022762
 222.0  3.706949   0.019636
 223.0  3.410524   0.038858
 224.0  3.715406   0.019257
 225.0  3.521768   0.030077
 226.0  3.485568   0.032691
 227.0  3.662841   0.021735
 228.0  3.487233   0.032566
 229.0  3.487115   0.032575
 230.0  3.565813   0.027176
 231.0  3.334099   0.046334
 232.0  3.562531   0.027382
 233.0  3.559476   0.027576
 234.0  3.351398   0.044525
 235.0  3.471988   0.033730
 236.0  3.466744   0.034139
 237.0  3.364238   0.043228
 238.0  3.493344   0.032111
 239.0  3.298699   0.050269
 240.0  3.378268   0.041853
 241.0  3.441197   0.036208
 242.0  3.286655   0.051683
 243.0  3.435791   0.036661
 244.0  3.367423   0.042912
 245.0  3.309204   0.049068
 246.0  3.560053   0.027539
 247.0  3.285054   0.051874
 248.0  3.341171   0.045586
 249.0  3.564916   0.027232
 250.0  3.316377   0.048264
 251.0  3.375794   0.042093
 252.0  3.481143   0.033026
 253.0  3.408553   0.039034
 254.0  3.480399   0.033083
 255.0  3.478790   0.033206
 256.0  3.517605   0.030367
 257.0  3.611405   0.024468
 258.0  3.334226   0.046321
 259.0  3.426362   0.037466
 260.0  3.654850   0.022139
 261.0  3.347358   0.044941
 262.0  3.532387   0.029350
 263.0  3.524742   0.029872
 264.0  3.240564   0.057469
 265.0  3.764206   0.017211
 266.0  3.413818   0.038564
 267.0  3.333494   0.046399
 268.0  3.837699   0.014531
 269.0  3.317453   0.048145
 270.0  3.423934   0.037676
 271.0  3.462581   0.034468
 272.0  3.263856   0.054468
 273.0  3.559462   0.027576
 274.0  3.399743   0.039834
 275.0  3.354493   0.044209
 276.0  3.694026   0.020229
 277.0  3.311295   0.048832
 278.0  3.309471   0.049038
 279.0  3.909877   0.012306
 280.0  3.306300   0.049397
 281.0  3.539237   0.028891
 282.0  3.605251   0.024817
 283.0  3.340985   0.045605
 284.0  3.536468   0.029076
 285.0  3.426114   0.037487
 286.0  3.265254   0.054293
 287.0  3.533209   0.029295
 288.0  3.298362   0.050308
 289.0  3.377325   0.041945
 290.0  3.474107   0.033565
 291.0  3.335567   0.046178
 292.0  3.474034   0.033571
 293.0  3.473834   0.033587
 294.0  3.262634   0.054622
 295.0  3.472610   0.033681
 296.0  3.260494   0.054892
 297.0  3.196931   0.063543
 298.0  3.256699   0.055373
 299.0  3.025380   0.094323
 300.0  2.933843   0.116455
 301.0  2.830626   0.147698
 302.0  2.602821   0.249562
 303.0  2.510219   0.308874
 304.0  2.338341   0.458838
 305.0  2.168197   0.678896
 306.0  2.046527   0.898407
 307.0  1.899383   1.260716
 308.0  1.767448   1.708254
 309.0  1.652948   2.223574
 310.0  1.528361   2.962366
 311.0  1.418380   3.816098
 312.0  1.316734   4.822433
 313.0  1.234516   5.827528
 314.0  1.129740   7.417540
 315.0  1.045272   9.010062
 316.0  0.970018  10.714746
 317.0  0.894922  12.737310
 318.0  0.826209  14.920768
 319.0  0.765544  17.157581
 320.0  0.707723  19.600948
 321.0  0.657637  21.996988
 322.0  0.610614  24.512392
 323.0  0.565368  27.203957
 324.0  0.525357  29.829311
 325.0  0.488301  32.486176
 326.0  0.454284  35.133064
 327.0  0.425059  37.578606
 328.0  0.396779  40.107113
 329.0  0.368223  42.832859
 330.0  0.341869  45.512497
 331.0  0.316111  48.293579
 332.0  0.292450  50.997593
 333.0  0.271053  53.573090
 334.0  0.251950  55.982246
 335.0  0.235616  58.127850
 336.0  0.220129  60.238079
 337.0  0.206410  62.171299
 338.0  0.194251  63.936546
 339.0  0.183299  65.569359
 340.0  0.170076  67.596428
 341.0  0.159823  69.211349
 342.0  0.150950  70.639931
 343.0  0.142296  72.061546
 344.0  0.134542  73.359779
 345.0  0.128209  74.437408
 346.0  0.121495  75.597099
 347.0  0.116093  76.543221
 348.0  0.110801  77.481697
 349.0  0.106124  78.320572
 350.0  0.102437  78.988426
 351.0  0.098693  79.672142
 352.0  0.094867  80.377251
 353.0  0.091225  81.054161
 354.0  0.087499  81.752510
 355.0  0.084455  82.327599
 356.0  0.082149  82.765785
 357.0  0.079626  83.248116
 358.0  0.077865  83.586235
 359.0  0.076076  83.931259
 360.0  0.074349  84.265656
 361.0  0.072833  84.560379
 362.0  0.071637  84.793648
 363.0  0.070426  85.030357
 364.0  0.069737  85.165443
 365.0  0.068477  85.412781
 366.0  0.067805  85.544991
 367.0  0.067671  85.571457
 368.0  0.066879  85.727730
 369.0  0.066703  85.762329
 370.0  0.067402  85.624512
 371.0  0.071034  84.911453
 372.0  0.070989  84.920151
 373.0  0.072061  84.710808
 374.0  0.071970  84.728554
 375.0  0.073143  84.499985
 376.0  0.074155  84.303322
 377.0  0.074605  84.216103
 378.0  0.075436  84.055130
 379.0  0.075566  84.029900
 380.0  0.075456  84.051163
 381.0  0.075346  84.072533
 382.0  0.074329  84.269608
 383.0  0.073398  84.450409
 384.0  0.072561  84.613411
 385.0  0.071124  84.893768
 386.0  0.070404  85.034767
 387.0  0.069390  85.233521
 388.0  0.068164  85.474319
 389.0  0.067479  85.609238
 390.0  0.066396  85.823105
 391.0  0.065859  85.929207
 392.0  0.064992  86.100945
 393.0  0.064253  86.247673
 394.0  0.063727  86.352211
 395.0  0.063162  86.464561
 396.0  0.062741  86.548363
 397.0  0.062451  86.606178
 398.0  0.061974  86.701439
 399.0  0.061967  86.702843
 400.0  0.061728  86.750595
 401.0  0.061461  86.803932
 402.0  0.061381  86.819801
 403.0  0.061108  86.874435
 404.0  0.061277  86.840729
 405.0  0.061331  86.829811
 406.0  0.061023  86.891441
 407.0  0.061251  86.845924
 408.0  0.061364  86.823326
 409.0  0.061265  86.843040
 410.0  0.061431  86.809814
 411.0  0.061492  86.797615
 412.0  0.061508  86.794472
 413.0  0.061667  86.762764
 414.0  0.061392  86.817703
 415.0  0.061633  86.769409
 416.0  0.061639  86.768265
 417.0  0.061532  86.789589
 418.0  0.061579  86.780342
 419.0  0.061486  86.798759
 420.0  0.061505  86.795113
 421.0  0.061589  86.778275
 422.0  0.061459  86.804169
 423.0  0.061430  86.810127
 424.0  0.061537  86.788704
 425.0  0.061403  86.815437
 426.0  0.061339  86.828163
 427.0  0.061379  86.820183
 428.0  0.061335  86.829117
 429.0  0.061454  86.805290
 430.0  0.061369  86.822205
 431.0  0.061299  86.836151
 432.0  0.061541  86.787872
 433.0  0.061433  86.809532
 434.0  0.061512  86.793587
 435.0  0.061515  86.792992
 436.0  0.061461  86.803833
 437.0  0.061630  86.770081
 438.0  0.061597  86.776749
 439.0  0.061516  86.792854
 440.0  0.061578  86.780418
 441.0  0.061581  86.779869
 442.0  0.061493  86.797356
 443.0  0.061454  86.805336
 444.0  0.061268  86.842468
 445.0  0.061434  86.809174
 446.0  0.061274  86.841248
 447.0  0.060929  86.910187
 448.0  0.061038  86.888512
 449.0  0.060948  86.906471
 450.0  0.060895  86.917038
 451.0  0.053248  88.460999
 452.0  0.053208  88.469208
 453.0  0.053004  88.510643
 454.0  0.052873  88.537422
 455.0  0.052672  88.578453
 456.0  0.052393  88.635414
 457.0  0.052356  88.642906
 458.0  0.052330  88.648239
 459.0  0.051958  88.724091
 460.0  0.051939  88.728157
 461.0  0.051939  88.728111
 462.0  0.051608  88.795670
 463.0  0.051542  88.809250
 464.0  0.051519  88.813980
 465.0  0.051384  88.841576
 466.0  0.051353  88.847870
 467.0  0.051130  88.893387
 468.0  0.051153  88.888878
 469.0  0.051048  88.910202
 470.0  0.051014  88.917183
 471.0  0.050956  88.929169
 472.0  0.050929  88.934662
 473.0  0.050772  88.966743
 474.0  0.050685  88.984718
 475.0  0.050539  89.014595
 476.0  0.050445  89.033752
 477.0  0.050577  89.006828
 478.0  0.050357  89.051765
 479.0  0.050398  89.043457
 480.0  0.050333  89.056824
 481.0  0.050237  89.076485
 482.0  0.050158  89.092598
 483.0  0.050140  89.096436
 484.0  0.050070  89.110741
 485.0  0.050084  89.107933
 486.0  0.049870  89.151871
 487.0  0.049858  89.154221
 488.0  0.050029  89.119209
 489.0  0.049994  89.126404
 490.0  0.049986  89.128036
 491.0  0.049853  89.155296
 492.0  0.049739  89.178741
 493.0  0.049691  89.188538
 494.0  0.049551  89.217331
 495.0  0.049605  89.206238
 496.0  0.049581  89.211037
 497.0  0.049513  89.225143
 498.0  0.049410  89.246185
 499.0  0.049415  89.245277
 500.0  0.049449  89.238274
 501.0  0.049311  89.266594
 502.0  0.049255  89.278107
 503.0  0.049269  89.275192
 504.0  0.049211  89.287079
 505.0  0.049231  89.282990
 506.0  0.049125  89.304924
 507.0  0.049138  89.302101
 508.0  0.048982  89.334320
 509.0  0.048984  89.333755
 510.0  0.048919  89.347122
 511.0  0.048817  89.368263
 512.0  0.048941  89.342728
 513.0  0.048939  89.343002
 514.0  0.048872  89.356934
 515.0  0.048838  89.363968
 516.0  0.048818  89.367996
 517.0  0.048852  89.360954
 518.0  0.048768  89.378197
 519.0  0.048797  89.372238
 520.0  0.048752  89.381462
 521.0  0.048728  89.386543
 522.0  0.048733  89.385536
 523.0  0.048799  89.371994
 524.0  0.048690  89.394371
 525.0  0.048777  89.376503
 526.0  0.048754  89.381142
 527.0  0.048731  89.386002
 528.0  0.048788  89.374153
 529.0  0.048803  89.371063
 530.0  0.048835  89.364487
 531.0  0.048820  89.367599
 532.0  0.048818  89.367920
 533.0  0.048822  89.367210
 534.0  0.048775  89.376823
 535.0  0.048936  89.343666
 536.0  0.048840  89.363525
 537.0  0.048816  89.368439
 538.0  0.048928  89.345329
 539.0  0.048923  89.346413
 540.0  0.048974  89.335793
 541.0  0.049004  89.329681
 542.0  0.048869  89.357521
 543.0  0.048857  89.359947
 544.0  0.048803  89.371155
 545.0  0.048981  89.334488
 546.0  0.048902  89.350700
 547.0  0.049033  89.323753
 548.0  0.049120  89.305954
 549.0  0.048996  89.331329
 550.0  0.049190  89.291443
 551.0  0.049066  89.316963
 552.0  0.049056  89.319115
 553.0  0.049007  89.329025
 554.0  0.049044  89.321419
 555.0  0.049115  89.306931
 556.0  0.049236  89.282059
 557.0  0.049441  89.239990
 558.0  0.049650  89.196938
 559.0  0.049675  89.191742
 560.0  0.049608  89.205482
 561.0  0.049730  89.180481
 562.0  0.049712  89.184128
 563.0  0.049750  89.176346
 564.0  0.049978  89.129700
 565.0  0.050176  89.089027
 566.0  0.050282  89.067169
 567.0  0.050140  89.096336
 568.0  0.050093  89.105927
 569.0  0.050089  89.106857
 570.0  0.050261  89.071571
 571.0  0.050160  89.092331
 572.0  0.050125  89.099472
 573.0  0.050039  89.117104
 574.0  0.050046  89.115562
 575.0  0.050114  89.101791
 576.0  0.050154  89.093407
 577.0  0.050187  89.086700
 578.0  0.050380  89.047150
 579.0  0.050310  89.061569
 580.0  0.050382  89.046661
 581.0  0.050404  89.042206
 582.0  0.050504  89.021782
 583.0  0.050617  88.998543
 584.0  0.050699  88.981735
 585.0  0.050846  88.951630
 586.0  0.050302  89.063133
 587.0  0.050427  89.037567
 588.0  0.050469  89.028961
 589.0  0.050625  88.996979
 590.0  0.050628  88.996300
 591.0  0.050825  88.955925
 592.0  0.050815  88.957901
 593.0  0.050808  88.959366
 594.0  0.050991  88.921890
 595.0  0.051224  88.874260
 596.0  0.051078  88.904076
 597.0  0.051105  88.898682
 598.0  0.051337  88.851189
 599.0  0.051429  88.832359
 600.0  0.051452  88.827652
 601.0  0.051461  88.825706
 602.0  0.050950  88.930435
 603.0  0.051131  88.893364
 604.0  0.051201  88.878998
 605.0  0.051271  88.864746
 606.0  0.051444  88.829170
 607.0  0.051594  88.798599
 608.0  0.051665  88.784096
 609.0  0.051727  88.771469
 610.0  0.051799  88.756630
 611.0  0.051994  88.716782
 612.0  0.052100  88.695236
 613.0  0.052203  88.674103
 614.0  0.052241  88.666290
 615.0  0.052392  88.635490
 616.0  0.052491  88.615318
 617.0  0.052670  88.578888
 618.0  0.052757  88.561096
 619.0  0.052942  88.523323
 620.0  0.053020  88.507530
 621.0  0.053113  88.488586
 622.0  0.053211  88.468475
 623.0  0.053304  88.449684
 624.0  0.053570  88.395485
 625.0  0.053576  88.394203
 626.0  0.053603  88.388840
 627.0  0.053702  88.368675
 628.0  0.053809  88.346779
 629.0  0.053893  88.329704
 630.0  0.054043  88.299210
 631.0  0.054180  88.271370
 632.0  0.054233  88.260635
 633.0  0.054403  88.226044
 634.0  0.054536  88.198997
 635.0  0.054575  88.191231
 636.0  0.054801  88.145172
 637.0  0.054824  88.140503
 638.0  0.055021  88.100662
 639.0  0.054987  88.107437
 640.0  0.055127  88.079124
 641.0  0.055128  88.078979
 642.0  0.055399  88.023941
 643.0  0.055483  88.006935
 644.0  0.055562  87.991043
 645.0  0.055700  87.963051
 646.0  0.055810  87.940742
 647.0  0.055898  87.922859
 648.0  0.055945  87.913422
 649.0  0.056061  87.889999
 650.0  0.056199  87.861923
 651.0  0.056288  87.844002
 652.0  0.056361  87.829201
 653.0  0.056630  87.774902
 654.0  0.056703  87.760178
 655.0  0.056802  87.740112
 656.0  0.056826  87.735153
 657.0  0.057000  87.700172
 658.0  0.057084  87.683105
 659.0  0.057240  87.651558
 660.0  0.057403  87.618744
 661.0  0.057478  87.603523
 662.0  0.057485  87.602249
 663.0  0.057725  87.553856
 664.0  0.057772  87.544243
 665.0  0.057858  87.527069
 666.0  0.058071  87.484116
 667.0  0.058073  87.483734
 668.0  0.058222  87.453720
 669.0  0.058384  87.421104
 670.0  0.058537  87.390274
 671.0  0.058633  87.371040
 672.0  0.058789  87.339462
 673.0  0.058875  87.322174
 674.0  0.058993  87.298500
 675.0  0.059121  87.272720
 676.0  0.059265  87.243790
 677.0  0.059394  87.217903
 678.0  0.059422  87.212418
 679.0  0.059660  87.164650
 680.0  0.059791  87.138382
 681.0  0.059890  87.118347
 682.0  0.060069  87.082527
 683.0  0.060233  87.049622
 684.0  0.060311  87.033897
 685.0  0.060431  87.009895
 686.0  0.060538  86.988495
 687.0  0.060714  86.953217
 688.0  0.060783  86.939560
 689.0  0.060889  86.918205
 690.0  0.060993  86.897408
 691.0  0.061178  86.860489
 692.0  0.061235  86.848976
 693.0  0.061451  86.805931
 694.0  0.061547  86.786751
 695.0  0.061659  86.764290
 696.0  0.061829  86.730408
 697.0  0.061910  86.714050
 698.0  0.062076  86.681000
 699.0  0.062153  86.665726
 700.0  0.062288  86.638634
 701.0  0.062434  86.609505
 702.0  0.062459  86.604660
 703.0  0.062599  86.576660
 704.0  0.062729  86.550713
 705.0  0.062903  86.516060
 706.0  0.063018  86.493187
 707.0  0.063215  86.453880
 708.0  0.063258  86.445503
 709.0  0.063450  86.407265
 710.0  0.063606  86.376274
 711.0  0.063671  86.363235
 712.0  0.063844  86.328819
 713.0  0.063903  86.317039
 714.0  0.064112  86.275681
 715.0  0.064269  86.244408
 716.0  0.064299  86.238373
 717.0  0.064404  86.217567
 718.0  0.064671  86.164688
 719.0  0.064807  86.137634
 720.0  0.064919  86.115410
 721.0  0.064969  86.105583
 722.0  0.065116  86.076416
 723.0  0.065394  86.021339
 724.0  0.065419  86.016403
 725.0  0.065582  85.984062
 726.0  0.065734  85.953979
 727.0  0.065813  85.938332
 728.0  0.066070  85.887589
 729.0  0.066135  85.874619
 730.0  0.066270  85.847969
 731.0  0.066415  85.819290
 732.0  0.066660  85.770828
 733.0  0.066713  85.760490
 734.0  0.066929  85.717873
 735.0  0.067063  85.691360
 736.0  0.067183  85.667702
 737.0  0.067415  85.621880
 738.0  0.067520  85.601181
 739.0  0.067652  85.575127
 740.0  0.067702  85.565376
 741.0  0.067887  85.528885
 742.0  0.068201  85.467049
 743.0  0.068270  85.453461
 744.0  0.068379  85.432167
 745.0  0.068567  85.395172
 746.0  0.068634  85.381927
 747.0  0.068794  85.350578
 748.0  0.068930  85.323730
 749.0  0.068987  85.312492
 750.0  0.069172  85.276321
 751.0  0.069336  85.244049
 752.0  0.069431  85.225471
 753.0  0.069605  85.191254
 754.0  0.069757  85.161377
 755.0  0.069941  85.125404
 756.0  0.070188  85.076958
 757.0  0.070115  85.091202
 758.0  0.070265  85.061897
 759.0  0.070496  85.016640
 760.0  0.070580  85.000183
 761.0  0.070639  84.988594
 762.0  0.070793  84.958595
 763.0  0.070882  84.941040
 764.0  0.071112  84.896095
 765.0  0.071268  84.865761
 766.0  0.071443  84.831551
 767.0  0.071598  84.801117
 768.0  0.071554  84.809875
 769.0  0.071664  84.788345
 770.0  0.071880  84.746254
 771.0  0.071893  84.743530
 772.0  0.072154  84.692673
 773.0  0.072158  84.691856
 774.0  0.072470  84.631088
 775.0  0.072591  84.607468
 776.0  0.072520  84.621376
 777.0  0.072860  84.555161
 778.0  0.072948  84.537941
 779.0  0.072970  84.533791
 780.0  0.073155  84.497711
 781.0  0.073216  84.485817
 782.0  0.073371  84.455742
 783.0  0.073519  84.426888
 784.0  0.073484  84.433655
 785.0  0.073600  84.411247
 786.0  0.073762  84.379761
 787.0  0.073785  84.375290
 788.0  0.073816  84.369247
 789.0  0.074198  84.295013
 790.0  0.074152  84.303917
 791.0  0.074348  84.265907
 792.0  0.073680  84.395653
 793.0  0.073918  84.349403
 794.0  0.074062  84.321487
 795.0  0.074094  84.315239
 796.0  0.074457  84.244751
 797.0  0.074425  84.250900
 798.0  0.074619  84.213303
 799.0  0.074799  84.178520
 800.0  0.074932  84.152740
 801.0  0.075147  84.110939
 802.0  0.075252  84.090652
 803.0  0.075300  84.081413
 804.0  0.075611  84.021133
 805.0  0.075749  83.994545
 806.0  0.075842  83.976631
 807.0  0.075907  83.963959
 808.0  0.075909  83.963493
 809.0  0.076117  83.923355
 810.0  0.076254  83.896843
 811.0  0.076329  83.882385
 812.0  0.076556  83.838600
 813.0  0.076849  83.782059
 814.0  0.076893  83.773598
 815.0  0.077071  83.739296
 816.0  0.077089  83.735825
 817.0  0.077376  83.680473
 818.0  0.077446  83.667053
 819.0  0.077439  83.668388
 820.0  0.077698  83.618500
 821.0  0.077872  83.584946
 822.0  0.077837  83.591721
 823.0  0.078067  83.547493
 824.0  0.078198  83.522247
 825.0  0.078308  83.501114
 826.0  0.078482  83.467537
 827.0  0.078431  83.477417
 828.0  0.078656  83.434235
 829.0  0.078630  83.439156
 830.0  0.078789  83.408539
 831.0  0.078976  83.372719
 832.0  0.079109  83.347160
 833.0  0.079169  83.335770
 834.0  0.079472  83.277618
 835.0  0.079606  83.251884
 836.0  0.079794  83.215851
 837.0  0.079893  83.196808
 838.0  0.080044  83.168015
 839.0  0.080126  83.152191
 840.0  0.080331  83.113083
 841.0  0.080288  83.121208
 842.0  0.080635  83.054932
 843.0  0.080819  83.019760
 844.0  0.080861  83.011650
 845.0  0.080990  82.986931
 846.0  0.081110  82.963989
 847.0  0.081256  82.936256
 848.0  0.081347  82.918823
 849.0  0.081379  82.912704
 850.0  0.081669  82.857368
 851.0  0.081553  82.879433
 852.0  0.081661  82.858803
 853.0  0.081903  82.812805
 854.0  0.081985  82.797119
 855.0  0.082191  82.757858
 856.0  0.082308  82.735512
 857.0  0.082503  82.698410
 858.0  0.082610  82.677940
 859.0  0.082813  82.639412
 860.0  0.082928  82.617569
 861.0  0.083016  82.600792
 862.0  0.083200  82.565788
 863.0  0.083319  82.543152
 864.0  0.083492  82.510330
 865.0  0.083578  82.493958
 866.0  0.083753  82.460632
 867.0  0.083872  82.438019
 868.0  0.083994  82.414879
 869.0  0.084073  82.399994
 870.0  0.084251  82.366257
 871.0  0.084383  82.341095
 872.0  0.084472  82.324234
 873.0  0.084596  82.300804
 874.0  0.084817  82.258934
 875.0  0.084907  82.241913
 876.0  0.085004  82.223488
 877.0  0.085122  82.201149
 878.0  0.085239  82.178970
 879.0  0.085336  82.160728
 880.0  0.085496  82.130470
 881.0  0.085577  82.115074
 882.0  0.085678  82.095940
 883.0  0.085852  82.063087
 884.0  0.085918  82.050606
 885.0  0.086020  82.031288
 886.0  0.086088  82.018501
 887.0  0.086236  81.990677
 888.0  0.086281  81.982010
 889.0  0.086409  81.957962
 890.0  0.086448  81.950562
 891.0  0.086514  81.938080
 892.0  0.086623  81.917587
 893.0  0.086773  81.889351
 894.0  0.086837  81.877235
 895.0  0.086828  81.878990
 896.0  0.086934  81.858994
 897.0  0.087216  81.805801
 898.0  0.087196  81.809525
 899.0  0.087301  81.789772
 900.0  0.087339  81.782631
 901.0  0.087393  81.772461
 902.0  0.087472  81.757629
 903.0  0.087507  81.750893
 904.0  0.087517  81.749031
 905.0  0.087542  81.744362
 906.0  0.087780  81.699638
 907.0  0.087664  81.721367
 908.0  0.087747  81.705734
 909.0  0.087914  81.674385
 910.0  0.088137  81.632408
 911.0  0.088182  81.624008
 912.0  0.088052  81.648521
 913.0  0.088261  81.609268
 914.0  0.088288  81.604111
 915.0  0.088416  81.580017
 916.0  0.088390  81.584938
 917.0  0.088481  81.567902
 918.0  0.088620  81.541801
 919.0  0.088644  81.537323
 920.0  0.088690  81.528641
 921.0  0.088695  81.527702
 922.0  0.088648  81.536514
 923.0  0.088639  81.538261
 924.0  0.088841  81.500267
 925.0  0.088849  81.498772
 926.0  0.088865  81.495773
 927.0  0.088985  81.473297
 928.0  0.089004  81.469757
 929.0  0.088975  81.475197
 930.0  0.088970  81.476044
 931.0  0.089107  81.450310
 932.0  0.089085  81.454552
 933.0  0.089217  81.429832
 934.0  0.089093  81.452919
 935.0  0.089150  81.442390
 936.0  0.089213  81.430565
 937.0  0.089221  81.428940
 938.0  0.089232  81.426857
 939.0  0.089225  81.428154
 940.0  0.089402  81.395012
 941.0  0.089441  81.387688
 942.0  0.089332  81.408150
 943.0  0.089489  81.378777
 944.0  0.089467  81.382904
 945.0  0.089475  81.381271
 946.0  0.089550  81.367294
 947.0  0.089463  81.383667
 948.0  0.089539  81.369438
 949.0  0.089431  81.389542
 950.0  0.089465  81.383217
 951.0  0.089544  81.368523
 952.0  0.089439  81.388084
 953.0  0.089622  81.353912
 954.0  0.089638  81.350876
 955.0  0.089640  81.350540
 956.0  0.089591  81.359657
 957.0  0.089655  81.347641
 958.0  0.089631  81.352127
 959.0  0.089748  81.330315
 960.0  0.089693  81.340469
 961.0  0.089685  81.341972
 962.0  0.089657  81.347351
 963.0  0.089696  81.339890
 964.0  0.089635  81.351433
 965.0  0.089669  81.345024
 966.0  0.089571  81.363297
 967.0  0.089742  81.331429
 968.0  0.089812  81.318306
 969.0  0.089599  81.358047
 970.0  0.089558  81.365799
 971.0  0.089687  81.341698
 972.0  0.088801  81.507828
 973.0  0.088708  81.525146
 974.0  0.088792  81.509529
 975.0  0.089036  81.463585
 976.0  0.089014  81.467751
 977.0  0.089027  81.465286
 978.0  0.089228  81.427727
 979.0  0.089213  81.430565
 980.0  0.089092  81.453171
 981.0  0.089082  81.454979
 982.0  0.089208  81.431374
 983.0  0.089267  81.420418
 984.0  0.089128  81.446396
 985.0  0.089042  81.462601
 986.0  0.089061  81.458916
 987.0  0.089026  81.465469
 988.0  0.089075  81.456367
 989.0  0.089046  81.461777
 990.0  0.089040  81.463005
 991.0  0.089032  81.464508
 992.0  0.089084  81.454758
 993.0  0.089009  81.468750
 994.0  0.089001  81.470184
 995.0  0.089046  81.461708
 996.0  0.088918  81.485886
 997.0  0.088987  81.472778
 998.0  0.088833  81.501678
 999.0  0.088889  81.491257
1000.0  0.088937  81.482170
1001.0  0.088710  81.524925
1002.0  0.088793  81.509354
1003.0  0.088724  81.522194
1004.0  0.088541  81.556526
1005.0  0.088643  81.537521
1006.0  0.088735  81.520111
1007.0  0.088501  81.564072
1008.0  0.088519  81.560646
1009.0  0.088259  81.609650
1010.0  0.088357  81.591103
1011.0  0.088317  81.598579
1012.0  0.088180  81.624458
1013.0  0.088250  81.611191
1014.0  0.088262  81.608971
1015.0  0.088090  81.641373
1016.0  0.087971  81.663673
1017.0  0.087241  81.801109
1018.0  0.087295  81.790894
1019.0  0.087348  81.780945
1020.0  0.087326  81.785103
1021.0  0.087549  81.743179
1022.0  0.087551  81.742683
1023.0  0.087416  81.768196
1024.0  0.087352  81.780159
1025.0  0.087268  81.795898
1026.0  0.087402  81.770760
1027.0  0.087350  81.780518
1028.0  0.087155  81.817322
1029.0  0.087284  81.793045
1030.0  0.086945  81.856926
1031.0  0.086925  81.860634
1032.0  0.087017  81.843216
1033.0  0.086950  81.855820
1034.0  0.087085  81.830460
1035.0  0.086927  81.860291
1036.0  0.086940  81.857826
1037.0  0.087065  81.834190
1038.0  0.086997  81.846970
1039.0  0.086728  81.897690
1040.0  0.086952  81.855621
1041.0  0.086872  81.870583
1042.0  0.086606  81.920761
1043.0  0.086675  81.907700
1044.0  0.086537  81.933846
1045.0  0.086520  81.937019
1046.0  0.086564  81.928764
1047.0  0.086127  82.011116
1048.0  0.086386  81.962326
1049.0  0.085615  82.107811
1050.0  0.085761  82.080254
1051.0  0.085690  82.093750
1052.0  0.085622  82.106598
1053.0  0.085938  82.046867
1054.0  0.085865  82.060631
1055.0  0.085890  82.055923
1056.0  0.086091  82.017891
1057.0  0.085792  82.074463
1058.0  0.086022  82.030975
1059.0  0.085776  82.077484
1060.0  0.085636  82.103981
1061.0  0.085862  82.061264
1062.0  0.085775  82.077576
1063.0  0.085699  82.092102
1064.0  0.086034  82.028702
1065.0  0.085936  82.047279
1066.0  0.085985  82.038002
1067.0  0.086174  82.002228
1068.0  0.085909  82.052322
1069.0  0.086077  82.020660
1070.0  0.085882  82.057388
1071.0  0.085825  82.068176
1072.0  0.085906  82.052864
1073.0  0.086004  82.034370
1074.0  0.085851  82.063225
1075.0  0.085939  82.046646
1076.0  0.085830  82.067230
1077.0  0.084807  82.260742
1078.0  0.084669  82.286957
1079.0  0.084819  82.258522
1080.0  0.085068  82.211327
1081.0  0.084821  82.258232
1082.0  0.084972  82.229492
1083.0  0.084990  82.226219
1084.0  0.084894  82.244415
1085.0  0.085118  82.201942
1086.0  0.084859  82.251030
1087.0  0.084858  82.251190
1088.0  0.084771  82.267693
1089.0  0.084561  82.307495
1090.0  0.084650  82.290642
1091.0  0.084718  82.277588
1092.0  0.084417  82.334694
1093.0  0.084402  82.337593
1094.0  0.084458  82.326950
1095.0  0.084429  82.332390
1096.0  0.084558  82.308083
1097.0  0.084123  82.390404
1098.0  0.083615  82.486938
1099.0  0.083827  82.446556
1100.0  0.083537  82.501656
