t	U
0	0.0034
1	0.0034
2	0.0036
3	0.0039
4	0.0039
5	0.0041
6	0.0042
7	0.0047
8	0.0047
9	0.0049
10	0.0052
11	0.0055
12	0.0057
13	0.0058
14	0.0059
15	0.0060
16	0.0062
17	0.0064
18	0.0067
19	0.0071
20	0.0074
21	0.0078
22	0.0082
23	0.0089
24	0.0097
25	0.0106
26	0.0115
27	0.0126
28	0.0138
29	0.0149
30	0.0162
31	0.0173
32	0.0187
33	0.0199
34	0.0211
35	0.0221
36	0.0227
37	0.0230
38	0.0234
39	0.0242
40	0.0254
41	0.0270
42	0.0285
43	0.0300
44	0.0309
45	0.0311
46	0.0304
47	0.0291
48	0.0279
49	0.0264
50	0.0248
51	0.0233
52	0.0218
53	0.0206
54	0.0197
55	0.0188
56	0.0180
57	0.0171
58	0.0163
59	0.0158
60	0.0152
61	0.0148
62	0.0143
63	0.0137
64	0.0133
65	0.0129
66	0.0125
67	0.0122
68	0.0121
69	0.0117
70	0.0116
71	0.0116
72	0.0115
73	0.0114
74	0.0113
75	0.0110
76	0.0110
77	0.0113
78	0.0114
79	0.0114
80	0.0115
81	0.0116
82	0.0117
83	0.0119
84	0.0120
85	0.0122
86	0.0123
87	0.0123
88	0.0124
89	0.0123
90	0.0124
91	0.0126
92	0.0128
93	0.0131
94	0.0134
95	0.0139
96	0.0142
97	0.0146
98	0.0150
99	0.0153
100	0.0155
101	0.0154
102	0.0153
103	0.0151
104	0.0149
105	0.0147
106	0.0145
107	0.0144
108	0.0142
109	0.0138
110	0.0133
111	0.0127
112	0.0121
113	0.0117
114	0.0112
115	0.0106
116	0.0100
117	0.0093
118	0.0087
119	0.0079
120	0.0073
121	0.0067
122	0.0062
123	0.0057
124	0.0054
125	0.0049
126	0.0045
127	0.0038
128	0.0032
129	0.0027
130	0.0024
131	0.0021
132	0.0019
133	0.0021
134	0.0026
135	0.0032
136	0.0034
137	0.0038
138	0.0044
139	0.0051
140	0.0057
141	0.0064
142	0.0066
143	0.0068
144	0.0068
145	0.0069
146	0.0068
147	0.0067
148	0.0064
149	0.0061
150	0.0059
151	0.0057
152	0.0058
153	0.0059
154	0.0059
155	0.0057
156	0.0057
157	0.0056
158	0.0057
159	0.0058
160	0.0057
161	0.0056
162	0.0055
163	0.0055
164	0.0055
165	0.0055
166	0.0052
167	0.0050
168	0.0046
169	0.0046
170	0.0045
171	0.0044
172	0.0043
173	0.0042
174	0.0040
175	0.0039
176	0.0038
177	0.0037
178	0.0036
179	0.0034
180	0.0033
181	0.0031
182	0.0031
183	0.0031
184	0.0031
185	0.0030
186	0.0029
187	0.0028
188	0.0027
189	0.0027
190	0.0026
191	0.0027
192	0.0025
193	0.0024
194	0.0024
195	0.0023
196	0.0021
197	0.0021
198	0.0021
199	0.0020
200	0.0019
201	0.0019
202	0.0019
203	0.0018
204	0.0018
205	0.0018
206	0.0018
207	0.0017
208	0.0017
209	0.0018
210	0.0017
211	0.0017
212	0.0016
213	0.0015
214	0.0016
215	0.0015
216	0.0015
217	0.0015
218	0.0016
219	0.0017
220	0.0017
221	0.0016
222	0.0015
223	0.0015
224	0.0015
225	0.0015
226	0.0015
227	0.0014
228	0.0013
229	0.0013
230	0.0014
231	0.0015
232	0.0015
233	0.0015
234	0.0014
235	0.0015
236	0.0016
237	0.0015
238	0.0016
239	0.0015
240	0.0014
241	0.0016
242	0.0015
243	0.0014
244	0.0016
245	0.0015
246	0.0015
247	0.0016
248	0.0014
249	0.0012
250	0.0013
251	0.0013
252	0.0013
253	0.0013
254	0.0012
255	0.0013
256	0.0014
257	0.0014
258	0.0013
259	0.0014
260	0.0014
261	0.0014
262	0.0015
263	0.0013
264	0.0014
265	0.0012
266	0.0013
267	0.0013
268	0.0011
269	0.0012
270	0.0012
271	0.0013
272	0.0012
273	0.0012
274	0.0015
275	0.0023
276	0.0013
277	0.0013
278	0.0013
279	0.0014
280	0.0015
281	0.0014
282	0.0015
283	0.0014
284	0.0016
285	0.0015
286	0.0014
287	0.0013
288	0.0015
289	0.0014
290	0.0013
291	0.0013
292	0.0012
293	0.0012
294	0.0012
295	0.0013
296	0.0012
297	0.0013
298	0.0012
299	0.0013
300	0.0014
301	0.0014
302	0.0016
303	0.0016
304	0.0017
305	0.0019
306	0.0019
307	0.0020
308	0.0020
309	0.0020
310	0.0021
311	0.0022
312	0.0022
313	0.0023
314	0.0023
315	0.0023
316	0.0025
317	0.0026
318	0.0027
319	0.0028
320	0.0029
321	0.0030
322	0.0030
323	0.0031
324	0.0032
325	0.0032
326	0.0034
327	0.0035
328	0.0035
329	0.0035
330	0.0035
331	0.0034
332	0.0034
333	0.0033
334	0.0033
335	0.0031
336	0.0029
337	0.0028
338	0.0027
339	0.0026
340	0.0025
341	0.0023
342	0.0021
343	0.0020
344	0.0019
345	0.0019
346	0.0019
347	0.0019
348	0.0018
349	0.0020
350	0.0019
351	0.0019
352	0.0017
353	0.0017
354	0.0018
355	0.0016
356	0.0015
357	0.0016
358	0.0015
359	0.0016
360	0.0016
361	0.0015
362	0.0016
363	0.0016
364	0.0016
365	0.0016
366	0.0016
367	0.0016
368	0.0015
369	0.0016
370	0.0015
371	0.0016
372	0.0016
373	0.0015
374	0.0015
375	0.0015
376	0.0014
377	0.0014
378	0.0015
379	0.0014
380	0.0014
381	0.0014
382	0.0013
383	0.0013
384	0.0014
385	0.0013
386	0.0012
387	0.0012
388	0.0012
389	0.0013
390	0.0013
391	0.0014
392	0.0013
393	0.0011
394	0.0012
395	0.0012
396	0.0012
397	0.0013
398	0.0012
399	0.0013
400	0.0011
401	0.0011
402	0.0013
403	0.0012
404	0.0012
405	0.0012
406	0.0011
407	0.0012
408	0.0013
409	0.0012
410	0.0013
411	0.0011
412	0.0012
413	0.0013
414	0.0012
415	0.0013
416	0.0012
417	0.0013
418	0.0013
419	0.0014
420	0.0015
421	0.0014
422	0.0014
423	0.0013
424	0.0014
425	0.0015
426	0.0014
427	0.0013
428	0.0014
429	0.0014
430	0.0014
431	0.0013
432	0.0013
433	0.0013
434	0.0013
435	0.0013
436	0.0012
437	0.0013
438	0.0013
439	0.0014
440	0.0013
441	0.0013
442	0.0014
443	0.0012
444	0.0015
445	0.0014
446	0.0015
447	0.0014
448	0.0015
449	0.0014
450	0.0014
451	0.0014
452	0.0013
453	0.0013
454	0.0014
455	0.0014
456	0.0014
457	0.0014
458	0.0013
459	0.0013
460	0.0013
461	0.0014
462	0.0013
463	0.0013
464	0.0013
465	0.0013
466	0.0013
467	0.0012
468	0.0012
469	0.0012
470	0.0012
471	0.0012
472	0.0013
473	0.0012
474	0.0013
475	0.0012
476	0.0011
477	0.0011
478	0.0011
479	0.0011
480	0.0012
481	0.0011
482	0.0011
483	0.0012
484	0.0012
485	0.0012
486	0.0011
487	0.0011
488	0.0011
489	0.0012
490	0.0011
491	0.0012
492	0.0012
493	0.0012
494	0.0013
495	0.0013
496	0.0013
497	0.0013
498	0.0013
499	0.0014
500	0.0015
501	0.0015
502	0.0016
503	0.0017
504	0.0018
505	0.0020
506	0.0021
507	0.0022
508	0.0023
509	0.0023
510	0.0025
511	0.0024
512	0.0025
513	0.0026
514	0.0025
515	0.0023
516	0.0023
517	0.0024
518	0.0023
519	0.0022
520	0.0023
521	0.0021
522	0.0021
523	0.0018
524	0.0019
525	0.0017
526	0.0017
527	0.0017
528	0.0017
529	0.0018
530	0.0017
531	0.0017
532	0.0016
533	0.0018
534	0.0018
535	0.0021
536	0.0021
537	0.0021
538	0.0022
539	0.0023
540	0.0022
541	0.0023
542	0.0023
543	0.0027
544	0.0028
545	0.0026
546	0.0027
547	0.0028
548	0.0029
549	0.0029
550	0.0030
551	0.0029
552	0.0030
553	0.0034
554	0.0033
555	0.0033
556	0.0034
557	0.0036
558	0.0039
559	0.0040
560	0.0042
561	0.0044
562	0.0045
563	0.0046
564	0.0049
565	0.0047
566	0.0048
567	0.0050
568	0.0048
569	0.0047
570	0.0045
571	0.0046
572	0.0045
573	0.0042
574	0.0041
575	0.0041
576	0.0042
577	0.0040
578	0.0040
579	0.0041
580	0.0041
581	0.0041
582	0.0042
583	0.0042
584	0.0042
585	0.0042
586	0.0045
587	0.0044
588	0.0043
589	0.0061
590	0.0043
591	0.0042
592	0.0044
593	0.0046
594	0.0045
595	0.0048
596	0.0051
597	0.0053
598	0.0052
599	0.0054
600	0.0052
601	0.0052
602	0.0050
603	0.0051
604	0.0053
605	0.0056
606	0.0058
607	0.0062
608	0.0065
609	0.0067
610	0.0069
611	0.0071
612	0.0071
613	0.0071
614	0.0073
615	0.0073
616	0.0073
617	0.0073
618	0.0071
619	0.0067
620	0.0064
621	0.0064
622	0.0063
623	0.0062
624	0.0060
625	0.0056
626	0.0053
627	0.0051
628	0.0055
629	0.0055
630	0.0059
631	0.0056
632	0.0056
633	0.0054
634	0.0053
635	0.0052
636	0.0050
637	0.0047
638	0.0045
639	0.0043
640	0.0038
641	0.0036
642	0.0034
643	0.0030
644	0.0030
645	0.0027
646	0.0026
647	0.0024
648	0.0023
649	0.0023
650	0.0024
651	0.0023
652	0.0023
653	0.0020
654	0.0019
655	0.0020
656	0.0018
657	0.0016
658	0.0017
659	0.0017
660	0.0017
661	0.0017
662	0.0017
663	0.0016
664	0.0016
665	0.0017
666	0.0017
667	0.0016
668	0.0018
669	0.0016
670	0.0016
671	0.0018
672	0.0017
673	0.0017
674	0.0016
675	0.0016
676	0.0016
677	0.0016
678	0.0016
679	0.0014
680	0.0013
681	0.0015
682	0.0014
683	0.0017
684	0.0016
685	0.0017
686	0.0015
687	0.0015
688	0.0013
689	0.0015
690	0.0014
691	0.0014
692	0.0013
693	0.0012
694	0.0014
695	0.0014
696	0.0013
697	0.0015
698	0.0015
699	0.0017
700	0.0017
701	0.0017
702	0.0018
703	0.0020
704	0.0023
705	0.0027
706	0.0027
707	0.0028
708	0.0031
709	0.0031
710	0.0033
711	0.0033
712	0.0032
713	0.0030
714	0.0032
715	0.0031
716	0.0030
717	0.0031
718	0.0033
719	0.0034
720	0.0038
721	0.0039
722	0.0036
723	0.0041
724	0.0041
725	0.0043
726	0.0042
727	0.0045
728	0.0048
729	0.0048
730	0.0048
731	0.0049
732	0.0051
733	0.0053
734	0.0052
735	0.0049
736	0.0048
737	0.0049
738	0.0048
739	0.0049
740	0.0051
741	0.0051
742	0.0048
743	0.0045
744	0.0042
745	0.0041
746	0.0042
747	0.0042
748	0.0044
749	0.0047
750	0.0049
751	0.0052
752	0.0054
753	0.0058
754	0.0058
755	0.0059
756	0.0061
757	0.0062
758	0.0066
759	0.0067
760	0.0068
761	0.0070
762	0.0071
763	0.0070
764	0.0070
765	0.0067
766	0.0062
767	0.0060
768	0.0065
769	0.0061
770	0.0056
771	0.0056
772	0.0058
773	0.0055
774	0.0049
775	0.0047
776	0.0042
777	0.0042
778	0.0044
779	0.0045
780	0.0047
781	0.0047
782	0.0045
783	0.0044
784	0.0043
785	0.0045
786	0.0045
787	0.0044
788	0.0045
789	0.0046
790	0.0044
791	0.0037
792	0.0039
793	0.0037
794	0.0037
795	0.0041
796	0.0039
797	0.0035
798	0.0036
799	0.0036
800	0.0036
801	0.0037
802	0.0035
803	0.0039
804	0.0038
805	0.0038
806	0.0039
807	0.0037
808	0.0044
809	0.0041
810	0.0041
811	0.0040
812	0.0039
813	0.0040
814	0.0043
815	0.0046
816	0.0044
817	0.0052
818	0.0051
819	0.0054
820	0.0056
821	0.0059
822	0.0057
823	0.0057
824	0.0053
825	0.0052
826	0.0051
827	0.0045
828	0.0044
829	0.0041
830	0.0045
831	0.0047
832	0.0039
833	0.0039
834	0.0039
835	0.0039
836	0.0036
837	0.0041
838	0.0040
839	0.0039
840	0.0043
841	0.0045
842	0.0042
843	0.0034
844	0.0034
845	0.0033
846	0.0034
847	0.0033
848	0.0031
849	0.0030
850	0.0032
851	0.0036
852	0.0037
853	0.0036
854	0.0041
855	0.0042
856	0.0039
857	0.0037
858	0.0036
859	0.0041
860	0.0038
861	0.0041
862	0.0034
863	0.0030
864	0.0029
865	0.0031
866	0.0031
867	0.0027
868	0.0025
869	0.0025
870	0.0025
871	0.0021
872	0.0019
873	0.0019
874	0.0019
875	0.0022
876	0.0018
877	0.0023
878	0.0035
879	0.0042
880	0.0042
881	0.0045
882	0.0052
883	0.0052
884	0.0055
885	0.0065
886	0.0065
887	0.0068
888	0.0070
889	0.0073
890	0.0080
891	0.0086
892	0.0098
893	0.0105
894	0.0115
895	0.0123
896	0.0134
897	0.0141
898	0.0149
899	0.0159